Country Name,1990 elec,1991 elec,1992 elec,1993 elec,1994 elec,1995 elec,1996 elec,1997 elec,1998 elec,1999 elec,2000 elec,2001 elec,2002 elec,2003 elec,2004 elec,2005 elec,2006 elec,2007 elec,2008 elec,2009 elec,2010 elec,2011 elec,2012 elec,2013 elec,2014 elec,2015 elec,2016 elec,2017 elec,2018 elec,2019 elec,2020 elec,2021 elec,1990 urb,1991 urb,1992 urb,1993 urb,1994 urb,1995 urb,1996 urb,1997 urb,1998 urb,1999 urb,2000 urb,2001 urb,2002 urb,2003 urb,2004 urb,2005 urb,2006 urb,2007 urb,2008 urb,2009 urb,2010 urb,2011 urb,2012 urb,2013 urb,2014 urb,2015 urb,2016 urb,2017 urb,2018 urb,2019 urb,2020 urb,2021 urb
Aruba,100,99.153656,99.1971283,99.2399139,100,100,100,100,100,100,91.6604004,100,100,100,100,100,100,100,100,100,93.3562927,100,100,100,100,100,100,100,100,100,100,100,50.319,50.304,49.998,49.588,49.177,48.767,48.356,47.946,47.536,47.127,46.717,46.339,45.972,45.606,45.24,44.875,44.511,44.147,43.783,43.421,43.059,42.94,42.957,42.99,43.041,43.108,43.192,43.293,43.411,43.546,43.697,43.866
Africa Eastern and Southern,,,,,,,,,,,19.9579299,19.9862203,21.6015034,22.5483066,23.8158805,23.4811562,24.7499129,26.7515913,25.9139585,26.15136,27.4827343,28.9486279,31.6823177,31.6106919,31.8249496,33.7444046,38.733352,40.0921633,42.8809766,44.0739121,45.6096043,45.6096043,25.2027985,25.645146,26.0738739,26.5098232,26.9487089,27.3352882,27.6248973,27.9110722,28.2033753,28.4898678,28.7727799,29.0715908,29.3861903,29.6984193,30.0141481,30.3498685,30.6760655,30.9347664,31.3432413,31.7575262,32.181291,32.617692,33.0404736,33.4762079,33.9369593,34.4255807,34.8947499,35.3588983,35.8475957,36.3362575,36.8283008,37.3236975
Afghanistan,,,,,,,,,,,1.61359096,4.07457399,9.40915775,14.7385063,20.0649681,25.3908939,30.7186909,36.0510101,42.4000015,46.7400513,42.7000008,43.2220192,69.0999985,68.2906494,89.5,71.5,97.6999969,97.6999969,96.6161346,97.6999969,97.6999969,97.6999969,21.177,21.266,21.355,21.444,21.534,21.624,21.714,21.805,21.895,21.986,22.078,22.169,22.261,22.353,22.5,22.703,22.907,23.113,23.32,23.528,23.737,23.948,24.16,24.373,24.587,24.803,25.02,25.25,25.495,25.754,26.026,26.314
Africa Western and Central,,,,31.5751303,32.6096922,33.605668,32.6293222,32.4617967,33.4586299,34.8104285,34.10216,35.2168999,35.7345867,39.8462815,37.5388747,37.8330948,39.8432524,40.7895379,41.7510756,41.8139127,41.7998447,45.8963467,44.1374096,47.0293348,47.5871452,46.7509458,50.9313989,48.8350622,51.2385175,51.2602196,52.0820528,52.0820528,30.9705411,31.4103296,31.8374912,32.2591263,32.6662695,33.0672828,33.4740744,33.9278063,34.3932931,34.863518,35.3370494,35.944908,36.5548814,37.1733129,37.7989768,38.4344838,39.0793036,39.7215977,40.3605353,41.0015118,41.6471579,42.2882992,42.925885,43.5540939,44.180175,44.8058633,45.4250664,46.0394778,46.6494258,47.2554132,47.857831,48.4548063
Angola,,,,,,,,,,,24.2127438,20,26.3521175,27.4127769,28.4705505,29.5277863,30.586895,37.5,38.4900017,33.8021889,34.8956375,34.5999985,37.131321,38.2780304,32,42,41.8131294,43.0132599,45.2900009,45.6427994,46.8906097,46.8906097,37.144,38.58,40.039,41.511,43,44.169,45.346,46.525,47.71,48.897,50.087,51.274,52.461,53.645,54.827,56,56.764,57.524,58.282,59.034,59.783,60.528,61.268,62.002,62.731,63.446,64.149,64.839,65.514,66.177,66.825,67.46
Albania,100,100,100,100,100,100,100,100,100,100,100,100,100,100,100,100,100,100,100,100,100,100,99.9000015,100,99.9499969,99.9800034,99.8899994,99.8899994,100,100,100,100,36.428,36.7,37.249,37.799,38.354,38.911,39.473,40.035,40.601,41.169,41.741,42.435,43.501,44.573,45.651,46.731,47.815,48.902,49.991,51.076,52.163,53.247,54.33,55.387,56.423,57.434,58.421,59.383,60.319,61.229,62.112,62.969
Andorra,100,100,100,100,100,100,100,100,100,100,100,100,100,100,100,100,100,100,100,100,100,100,100,100,100,100,100,100,100,100,100,100,94.712,94.53,94.324,94.111,93.89,93.661,93.425,93.18,92.927,92.666,92.395,92.056,91.641,91.207,90.751,90.285,89.807,89.308,89.004,88.912,88.819,88.726,88.631,88.537,88.441,88.345,88.248,88.15,88.062,87.984,87.916,87.858
Arab World,,,,,,,76.9643258,77.6235207,78.5214088,79.1123196,81.1217776,81.9465843,81.9250773,82.9121357,82.8841937,83.6107259,85.8164649,84.122235,83.7960814,84.6641603,87.3751069,87.6000014,87.2875086,89.2967256,88.2820601,88.8911296,89.3542221,90.4460099,88.9162429,90.0075969,90.2343896,90.2343896,50.0744121,50.4711752,51.0190267,51.4348089,51.7024142,51.8985036,52.0919239,52.3161747,52.562001,52.8105259,53.0559974,53.3118011,53.5664328,53.8301621,54.0955225,54.4352231,54.8343004,55.1196683,55.5592924,55.9967569,56.3804176,56.6379951,56.8642214,57.1779738,57.5072608,57.8461531,58.1232554,58.37129,58.6295762,58.883817,59.087619,59.2948865
United Arab Emirates,100,100,100,100,100,100,100,100,100,100,100,100,100,100,100,100,100,100,100,100,100,100,100,100,100,100,100,100,100,100,100,100,79.051,78.906,78.76,78.614,78.467,78.319,78.493,78.938,79.378,79.81,80.236,80.655,81.067,81.472,81.871,82.262,82.648,83.023,83.387,83.742,84.087,84.423,84.749,85.066,85.375,85.674,85.965,86.248,86.522,86.789,87.048,87.299
Argentina,92.1548004,92.4921875,92.8294525,93.1660461,93.5012741,93.834465,94.1649399,94.492012,94.8150024,95.1331558,95.783287,95.5110626,96.2288666,96.4426346,96.6535034,96.8638458,97.0760574,97.2927933,97.5167542,97.7506561,98.8199997,99.0953522,99.2299805,99.3426743,100,99.6253891,99.8495789,100,99.9895782,100,100,100,86.984,87.328,87.542,87.752,87.96,88.164,88.366,88.564,88.759,88.952,89.142,89.329,89.51,89.686,89.86,90.031,90.2,90.366,90.53,90.691,90.849,90.99,91.121,91.249,91.377,91.503,91.627,91.749,91.87,91.991,92.111,92.229
Armenia,,,,,,,,,,,98.9000015,100,98,99.1901321,99.1892319,99.8000031,99.1882324,99.1931839,99.2053757,99.2275009,99.8000031,99.6057968,99.6289673,99.4199982,99.7099991,100,99.8000031,99.6999969,99.9000015,100,100,100,67.421,67.15,66.878,66.606,66.332,66.057,65.781,65.504,65.226,64.947,64.666,64.385,64.236,64.137,64.038,63.938,63.839,63.739,63.64,63.54,63.44,63.34,63.24,63.164,63.112,63.085,63.082,63.103,63.149,63.219,63.313,63.431
American Samoa,,,,,,,,,,,,,,,,,,,,,,,,,,,,,,,,,80.948,81.886,82.789,83.654,84.485,85.28,86.043,86.771,87.467,88.131,88.587,88.491,88.394,88.297,88.198,88.1,88,87.9,87.799,87.697,87.594,87.502,87.42,87.348,87.288,87.238,87.198,87.17,87.153,87.147,87.153,87.169
Antigua and Barbuda,95.7630463,95.9406509,96.1181335,96.2949448,96.4703903,96.6437988,96.8144836,96.9817734,97.1449814,97.3033524,97.6892624,97.7852554,100,97.9568253,98.0371017,92.1999969,100,100,100,98.4812775,98.5972366,94.5520172,100,100,100,100,100,100,100,100,100,100,35.426,35.465,35.085,34.709,34.334,33.961,33.59,33.221,32.855,32.49,32.127,31.74,31.098,30.464,29.837,29.218,28.606,28.002,27.405,26.818,26.238,25.703,25.526,25.35,25.175,25,24.846,24.713,24.599,24.506,24.433,24.38
Australia,100,100,100,100,100,100,100,100,100,100,100,100,100,100,100,100,100,100,100,100,100,100,100,100,100,100,100,100,100,100,100,100,85.433,85.403,85.285,85.157,85.028,84.898,84.767,84.636,84.503,84.37,84.235,84.1,84.222,84.343,84.463,84.582,84.7,84.822,84.943,85.063,85.182,85.3,85.402,85.502,85.602,85.701,85.8,85.904,86.012,86.124,86.241,86.362
Austria,100,100,100,100,100,100,100,100,100,100,100,100,100,100,100,100,100,100,100,100,100,100,100,100,100,100,100,100,100,100,100,100,62.96,62.689,62.417,62.144,61.87,61.596,61.32,61.045,60.768,60.491,60.213,59.934,59.655,59.375,59.094,58.813,58.532,58.249,57.966,57.683,57.399,57.115,57.147,57.336,57.526,57.715,57.905,58.094,58.297,58.515,58.748,58.995
Azerbaijan,,,,,,,,,,97,98.908226,98.6218033,100,98.9274673,99.0747986,99.2215958,99.5,99.5234528,99.6838684,99.8542252,99.9437943,99.9000015,100,100,100,100,100,100,100,100,100,100,53.749,53.441,53.132,52.824,52.515,52.206,51.896,51.588,51.278,51.185,51.386,51.587,51.787,51.988,52.189,52.389,52.589,52.79,52.99,53.19,53.406,53.637,53.883,54.145,54.422,54.714,55.021,55.343,55.68,56.031,56.397,56.776
Burundi,,,,,,,,,3.9,2.07094932,2.46323681,2.79742002,3.12401843,3.44538164,3.7638588,3.20731711,2.66000009,4.72594643,4.80000019,5.39901686,5.30000019,6.122684,6.5,6.9000001,7,8.42765236,9.34840965,9.30000019,10.8849087,11.3565283,11.7355556,11.7355556,6.271,6.455,6.637,6.823,7.014,7.211,7.412,7.618,7.83,8.036,8.246,8.461,8.682,8.908,9.139,9.375,9.617,9.864,10.118,10.376,10.642,10.915,11.194,11.482,11.776,12.078,12.388,12.706,13.032,13.366,13.708,14.058
Belgium,100,100,100,100,100,100,100,100,100,100,100,100,100,100,100,100,100,100,100,100,100,100,100,100,100,100,100,100,100,100,100,100,96.377,96.461,96.542,96.622,96.7,96.777,96.851,96.924,96.996,97.065,97.129,97.186,97.241,97.296,97.35,97.403,97.454,97.505,97.555,97.603,97.651,97.698,97.744,97.789,97.833,97.876,97.919,97.961,98.001,98.041,98.079,98.117
Benin,,,,,,,14.5,18.5896263,19.5782547,20.5620422,21.5310841,21.8999996,23.4159279,24.3493233,25.2798328,26.2098045,27.8999996,28.0780163,29.0216141,29.9751511,34.2000008,36.9000015,38.4000015,34.6912193,34.0999985,29.6200008,37.0952454,34.5,39.2469177,40.3286896,41.4109573,41.4109573,34.485,35.247,35.827,36.136,36.447,36.758,37.071,37.385,37.699,38.015,38.333,38.65,39.036,39.536,40.039,40.543,41.049,41.558,42.069,42.58,43.093,43.608,44.125,44.642,45.166,45.695,46.229,46.768,47.312,47.861,48.415,48.972
Burkina Faso,,,,6.1,6.12501001,6.62533283,7.12293625,7.61713982,8.10726452,6.9,9.07501984,9.52135181,9.96009922,11.3999996,10.8242388,11.2543278,11.6862898,12.1227732,12.5664883,12.6300001,13.1000004,14.8084145,15.1179943,15.4056425,19.2000008,16.0769749,16.6410561,17.2140427,14.3999996,18.374855,18.9572392,18.9572392,13.815,14.07,14.33,14.593,14.86,15.131,15.407,15.875,16.51,17.166,17.844,18.54,19.258,19.996,20.757,21.537,22.339,22.996,23.534,24.079,24.633,25.196,25.767,26.346,26.934,27.53,28.134,28.743,29.358,29.98,30.607,31.24
Bangladesh,,14.29,9.90541935,12.7178802,17.8,18.3380451,21.1443863,22.4,26.7461929,29.5402145,32,35.0326462,37.8510704,40.6642609,40.5999985,44.2299995,50.5251007,46.5,54.7355156,57.5688477,55.2599983,59.5999985,66.155571,61.5,62.4000015,74.9037399,75.9199982,88,91.8000031,92.1999969,96.1999969,96.1999969,19.811,20.257,20.61,20.966,21.328,21.693,22.064,22.438,22.818,23.202,23.59,24.096,24.756,25.429,26.114,26.809,27.517,28.237,28.968,29.709,30.462,31.225,31.993,32.762,33.535,34.308,35.083,35.858,36.632,37.405,38.177,38.946
Bulgaria,100,100,100,100,100,100,100,100,100,100,100,100,100,100,100,100,100,100,100,100,100,100,100,100,100,100,100,100,100,100,99.6999969,99.6999969,66.377,66.717,67.056,67.33,67.557,67.782,68.007,68.231,68.454,68.677,68.899,69.166,69.524,69.879,70.233,70.584,70.932,71.278,71.622,71.963,72.302,72.638,72.975,73.313,73.651,73.99,74.329,74.669,75.008,75.347,75.686,76.025
Bahrain,99.9413986,99.967392,99.9871826,99.997139,99.9997711,100,100,100,100,100,100,100,100,100,100,100,100,100,100,100,100,100,100,100,100,100,100,100,100,100,100,100,88.14,88.329,88.398,88.395,88.392,88.388,88.385,88.382,88.379,88.376,88.372,88.369,88.373,88.383,88.399,88.422,88.452,88.488,88.53,88.579,88.634,88.695,88.762,88.835,88.915,88.999,89.09,89.186,89.287,89.394,89.506,89.622
"Bahamas, The",100,100,100,100,100,100,100,100,100,100,100,100,100,100,100,100,100,100,100,100,100,100,100,100,100,100,100,100,100,100,100,100,79.838,80.067,80.293,80.518,80.74,80.961,81.18,81.396,81.611,81.824,82.007,82.049,82.092,82.134,82.176,82.218,82.26,82.302,82.343,82.385,82.427,82.476,82.532,82.596,82.668,82.746,82.832,82.925,83.025,83.132,83.245,83.365
Bosnia and Herzegovina,100,100,100,100,100,100,100,100,100,100,100,99.4000015,98.5,100,100,100,99.3872757,99.6999969,100,100,100,99.70578,100,99.5,100,99.6999969,100,100,100,100,100,100,39.249,39.578,39.887,40.196,40.506,40.817,41.13,41.442,41.755,42.069,42.384,42.698,43.014,43.33,43.648,43.965,44.282,44.601,44.92,45.239,45.558,45.878,46.199,46.519,46.84,47.173,47.518,47.876,48.245,48.626,49.02,49.425
Belarus,100,100,100,100,100,100,100,100,100,100,100,100,100,100,100,100,100,100,100,100,100,100,100,100,100,100,100,100,100,100,100,100,65.981,66.374,66.766,67.155,67.541,67.926,68.308,68.687,69.064,69.482,69.973,70.458,70.939,71.415,71.887,72.354,72.816,73.273,73.726,74.172,74.672,75.188,75.697,76.199,76.693,77.181,77.661,78.134,78.595,79.044,79.483,79.91
Belize,,67,72.2249146,73.1233292,74.0203857,74.9153976,75.8076935,76.6965866,77.5814056,78.46138,79,80.1969604,81.0294189,81.856636,82.6809769,83.504776,90.988533,85.1606369,85.9980621,86.8454285,89.9172211,91.6817322,90.9959183,91.1861038,91.3642578,91.8000031,93.2223129,94.1890106,91.7200012,92.7200012,97.1133347,97.1133347,47.465,47.271,47.059,46.848,46.637,46.425,46.214,46.003,45.793,45.582,45.398,45.381,45.364,45.347,45.33,45.313,45.296,45.279,45.262,45.245,45.228,45.228,45.246,45.282,45.335,45.406,45.495,45.601,45.724,45.866,46.025,46.201
Bermuda,100,100,100,100,100,100,100,100,100,100,100,100,100,100,100,100,100,100,100,100,100,100,100,100,100,100,100,100,100,100,100,100,100,100,100,100,100,100,100,100,100,100,100,100,100,100,100,100,100,100,100,100,100,100,100,100,100,100,100,100,100,100,100,100
Bolivia,,,60.0279007,61.3840294,64.1,64.0915298,71,67.330431,71.2,70.929888,69.9630432,69.2585373,63.9968567,72.3000031,75.9453049,68.288208,76.2112808,80.1565704,84.6749878,86.7655945,87.8863144,88.3359451,90.3873749,89.5056839,90.0387268,91.5228195,91.8000031,91.8000031,92.8000031,95.0800018,97.5541229,97.5541229,55.577,56.579,57.541,58.079,58.615,59.15,59.682,60.212,60.739,61.264,61.787,62.306,62.783,63.248,63.711,64.17,64.628,65.082,65.535,65.984,66.43,66.874,67.315,67.699,68.047,68.393,68.738,69.08,69.425,69.773,70.123,70.475
Brazil,87.475116,90.6065445,88.803833,89.999927,91.883728,91.728598,92.867095,93.354139,94.193812,94.76296,94.391716,96.0165253,96.6529922,96.9800949,96.7651062,97.0935135,97.5943146,98.1253815,98.5266266,98.8569412,98.5999985,99.3286896,99.5194931,99.5751495,99.6502457,99.7108994,99.6999969,99.8000031,99.6999969,99.8000031,100,100,73.922,74.69,75.444,76.181,76.903,77.61,78.302,79.048,79.781,80.496,81.192,81.553,81.88,82.203,82.521,82.834,83.143,83.448,83.749,84.044,84.335,84.631,84.923,85.209,85.492,85.77,86.042,86.309,86.569,86.824,87.073,87.317
Barbados,99.9842529,99.9934387,99.9986877,100,100,100,100,100,100,100,100,100,100,100,99.9967422,99.9804535,100,100,100,100,100,100,100,100,100,100,100,100,100,100,100,100,37.37,37.006,36.643,36.283,35.924,35.566,35.21,34.856,34.503,34.152,33.827,33.629,33.431,33.234,33.037,32.841,32.646,32.451,32.256,32.063,31.87,31.7,31.553,31.429,31.328,31.249,31.193,31.159,31.147,31.158,31.191,31.246
Brunei Darussalam,100,100,100,100,100,100,100,100,100,100,100,100,100,100,100,100,100,100,100,100,100,100,100,100,100,100,100,100,100,100,100,100,66.438,66.585,67.078,67.604,68.126,68.644,69.158,69.666,70.17,70.669,71.164,71.652,72.046,72.421,72.794,73.163,73.529,73.892,74.252,74.608,74.961,75.31,75.656,75.997,76.332,76.663,76.99,77.312,77.629,77.942,78.25,78.554
Bhutan,,,,,,,,,,,31.1499996,40.0451317,43.978878,41.0999985,51.8330116,59.8081131,59.6850548,71.8000031,67.5552521,71.5038986,73.2829132,81.7670898,91.5,87.4511414,91.4835129,95.5307159,99.5897903,97.6999969,99.9743652,100,100,100,16.388,17.161,17.962,18.791,19.649,20.537,21.456,22.401,23.377,24.383,25.418,26.48,27.57,28.688,29.835,30.965,31.712,32.469,33.236,34.01,34.793,35.585,36.371,37.149,37.918,38.678,39.428,40.167,40.895,41.612,42.316,43.008
Botswana,,10.1,9.39822674,11.6420765,13.8845663,16.1250172,18.3627472,20.5970783,22.8273296,25.0527401,26.4089794,24.7999992,27,33.083107,35.298912,37.5141792,39.7313194,41.95298,44.5,43.3600006,52.0177803,53.2400017,56.0188141,57.9919205,59.9529953,62.1300011,64.1750565,67.4000015,68.2292633,69.9597397,71.9947586,71.9947586,41.933,45.292,46.443,47.286,48.133,48.981,49.83,50.677,51.525,52.372,53.219,54.062,54.57,55.029,55.488,55.944,56.4,57.928,59.444,60.937,62.412,63.865,64.768,65.572,66.368,67.155,67.933,68.7,69.446,70.172,70.877,71.56
Central African Republic,,,,,,3,3.33491564,3.83021021,4.32142544,4.80779839,6,5.73605204,6.17705393,6.61282015,7.04570055,7.47804451,7.80516911,8.35099792,7.48000002,9.25287533,9.80000019,10.2466478,10.8688612,11.469141,12.0573969,12.7270298,13.5338163,14.2995415,14.8423758,14.3000002,15.4650841,15.4650841,36.825,36.906,36.987,37.068,37.149,37.231,37.312,37.394,37.475,37.557,37.639,37.72,37.802,37.884,37.966,38.069,38.193,38.339,38.506,38.694,38.904,39.135,39.388,39.663,39.959,40.277,40.618,40.98,41.364,41.77,42.198,42.648
Canada,100,100,100,100,100,100,100,100,100,100,100,100,100,100,100,100,100,100,100,100,100,100,100,100,100,100,100,100,100,100,100,100,76.582,76.62,76.887,77.152,77.414,77.675,77.951,78.34,78.724,79.103,79.478,79.81,79.888,79.967,80.045,80.122,80.213,80.396,80.578,80.758,80.937,81.096,81.137,81.178,81.218,81.259,81.3,81.35,81.411,81.482,81.562,81.653
Central Europe and the Baltics,100,100,100,100,100,100,100,100,100,100,100,100,100,100,100,100,100,100,100,100,100,100,100,100,100,100,99.8278344,100,100,100,99.9796416,99.9796416,61.3918489,61.6033124,61.6934193,61.6652387,61.6367536,61.6092306,61.5872477,61.5631779,61.5340182,61.5050698,61.4761874,61.4954533,61.5557607,61.6021557,61.648181,61.7026922,61.7638954,61.8418454,61.9245405,61.9860469,62.026065,62.0639345,62.081777,62.0968137,62.1136451,62.1406725,62.1844843,62.2484547,62.3336666,62.4381392,62.5614542,62.6892264
Switzerland,100,100,100,100,100,100,100,100,100,100,100,100,100,100,100,100,100,100,100,100,100,100,100,100,100,100,100,100,100,100,100,100,73.926,73.869,73.815,73.762,73.708,73.654,73.6,73.546,73.492,73.438,73.383,73.375,73.401,73.427,73.452,73.478,73.504,73.53,73.556,73.581,73.607,73.631,73.653,73.674,73.696,73.718,73.739,73.761,73.797,73.849,73.915,73.996
Channel Islands,100,100,100,100,100,100,100,100,100,100,100,100,100,100,100,100,100,100,100,100,100,100,100,100,100,100,100,100,100,100,100,100,31.392,31.262,31.076,30.891,30.706,30.522,30.4,30.416,30.432,30.449,30.465,30.495,30.557,30.619,30.681,30.743,30.805,30.867,30.929,30.992,31.054,31.091,31.059,31.027,30.995,30.962,30.93,30.914,30.914,30.931,30.963,31.012
Chile,92.257427,94.7816238,94.560057,95.2737274,95.518074,95.7603836,95.617315,96.2361679,97.241124,96.695549,97.9386902,97.1158066,97.2836838,98.7823257,97.6060867,97.7653122,99.3681107,98.0920181,98.2648697,99.5936584,99.5383911,99.5881958,100,99.5999985,100,99.7148438,100,99.6999969,100,100,100,100,83.271,83.398,83.564,83.896,84.223,84.545,84.861,85.172,85.477,85.778,86.073,86.363,86.606,86.665,86.725,86.783,86.842,86.9,86.959,87.017,87.074,87.132,87.189,87.246,87.303,87.36,87.422,87.49,87.564,87.643,87.727,87.817
China,,,,,,,,,,,97.0217972,97.272789,97.5162048,97.7543793,97.9896698,98.2244263,98.4610519,98.7022018,98.9505768,99.2089005,99.6999969,99.8487244,99.9619293,99.9964447,100,100,100,100,100,100,100,100,26.442,27.312,28.2,29.103,30.024,30.961,31.916,32.883,33.867,34.865,35.877,37.093,38.425,39.776,41.144,42.522,43.868,45.199,46.539,47.88,49.226,50.511,51.765,53.013,54.259,55.5,56.736,57.96,59.152,60.308,61.428,62.512
Cote d'Ivoire,,,,,36.5,43.6312523,44.6482124,45.6617699,46.6712456,48.2,48.6894684,49.6558571,51.4000015,51.5682335,52.5189171,58.9000015,60.171051,55.3776245,60.2999992,57.3151054,58.3014679,55.7999992,55.7999992,61.3625908,61.9000015,62.5999985,64.3000031,65.5999985,67.1473923,68.4595566,69.6791229,69.6791229,39.345,39.716,40.088,40.461,40.835,41.21,41.587,41.964,42.342,42.741,43.155,43.568,43.983,44.399,44.817,45.234,45.652,46.071,46.491,46.91,47.33,47.751,48.172,48.593,49.014,49.444,49.881,50.326,50.779,51.239,51.706,52.18
Cameroon,,29,32.697525,33.8491936,34.9995041,36.1477737,37.2933235,38.4354744,40.7,40.7067757,41,46.2000008,44.0404015,45.1230125,47.0999985,47.2819328,49,48.2000008,50.5413971,51.6441536,52.7595558,53.7000008,55.0391541,56.2078133,56.7999992,58.5955925,59.8087769,61.0308647,62.2000008,63.4898796,64.7213669,64.7213669,39.657,40.235,40.817,41.399,41.985,42.573,43.164,43.755,44.348,44.944,45.542,46.139,46.738,47.338,47.94,48.541,49.143,49.746,50.35,50.954,51.559,52.164,52.769,53.373,53.976,54.578,55.179,55.777,56.374,56.968,57.56,58.148
"Congo, Dem. Rep.",,,,,,,,,,,6.69999981,7.31436443,7.91584492,8.51208973,9.10544872,6,10.2929649,15.1999998,11.4986277,12.115015,12.744051,13.3884449,15.3999996,14.7332001,13.5,16.148243,17.0418377,17.9165096,18.5682907,19.1000004,19.1000004,19.1000004,30.633,31.067,31.506,31.946,32.39,32.838,33.289,33.742,34.199,34.659,35.122,35.587,36.055,36.526,37,37.481,37.971,38.47,38.976,39.491,40.013,40.544,41.082,41.627,42.18,42.74,43.307,43.88,44.46,45.046,45.638,46.235
"Congo, Rep.",,,,,,,,,,,29.0900154,30.063591,31.029583,31.9903374,32.9482079,33.7999992,34.8647461,35.8284721,36.7994308,37.0999985,39.78862,40.7216911,41.5999985,42.543972,43.4321213,44.4016495,45.5083275,46.5739479,47.4166756,48.4074745,49.5171013,49.5171013,54.324,54.743,55.162,55.58,55.996,56.413,56.832,57.299,57.766,58.231,58.695,59.156,59.617,60.076,60.533,60.988,61.441,61.893,62.346,62.8,63.256,63.712,64.169,64.627,65.085,65.543,66.001,66.459,66.916,67.373,67.829,68.283
Colombia,89.9,91.8366547,92.1326599,92.4279938,92.721962,91.2,93.3031006,93.588913,93.8706436,94.1475296,95.1999969,98.4700012,94.9055023,95.1293488,95.3503113,96.8000031,95.7930298,96.0198441,96.8067627,96.0572281,96.7889938,96.6936035,97.0321732,97.7794189,97.7909393,98.1868973,98.4000015,98.5,98.5,99.7559204,100,100,69.481,69.949,70.415,70.874,71.328,71.777,72.223,72.662,73.098,73.53,73.957,74.379,74.797,75.211,75.62,76.024,76.423,76.816,77.204,77.587,77.964,78.335,78.701,79.061,79.415,79.764,80.108,80.446,80.778,81.104,81.425,81.74
Comoros,,,,,,,28.9,32.762413,35.0945282,37.4218025,39.7153549,42.0186653,44.7999992,46.6048813,48.8924866,51.179554,53.4684944,55.7619553,58.0626488,60.3732834,69.8077087,69.4258041,69.3000031,69.7684479,72.162796,74.5719833,76.993042,79.4230042,81.8589096,84.2977753,86.7371368,86.7371368,27.869,28.366,28.435,28.39,28.346,28.301,28.257,28.213,28.168,28.124,28.08,28.036,27.992,27.947,27.903,27.875,27.863,27.867,27.886,27.921,27.973,28.04,28.123,28.223,28.338,28.47,28.619,28.784,28.965,29.164,29.38,29.613
Cabo Verde,,,,,,,,,,,58.4223289,60.1615181,58.5999985,63.6194992,65.3429871,67,68.7907562,70.5201035,72.2566757,74.0031891,81.0999985,82.3562469,83.3587646,84.3393478,85.3079071,86.3578415,87.5449295,88.6909637,90.4117508,91.4000015,94.1617432,94.1617432,44.12,45.044,45.973,46.902,47.834,48.768,49.704,50.637,51.572,52.505,53.435,54.291,55.146,55.997,56.846,57.689,58.529,59.363,60.194,61.016,61.821,62.322,62.821,63.317,63.81,64.3,64.784,65.261,65.732,66.195,66.652,67.102
Costa Rica,,,,,,,,,,,96.9400024,98.2497787,98.5091858,98.6959,98.9547806,99.0530548,99.147522,99.2179947,99.2639389,99.4098053,98.9957352,99.2323456,99.5032959,99.5635147,99.3592911,99.4098053,99.5,99.5999985,99.6999969,99.7099991,99.9000015,99.9000015,50.003,50.917,51.832,52.743,53.653,54.561,55.467,56.367,57.264,58.157,59.052,60.41,61.753,63.08,64.388,65.672,66.935,68.174,69.39,70.575,71.736,72.868,73.946,74.97,75.941,76.862,77.735,78.56,79.34,80.076,80.771,81.425
Caribbean small states,,,,80.3820751,80.6594512,81.3447257,84.6644038,82.7022363,83.286394,85.9531813,86.9206179,89.5546979,89.4008038,89.4971105,89.9738878,90.3930983,90.8634426,91.8233353,92.9673042,92.2857014,93.4964066,93.5096354,94.4994301,94.9716957,94.8931689,95.7360897,96.7358352,97.3315487,97.6930736,98.207484,98.7951757,98.7951757,48.8906955,49.0721839,49.219632,49.3617755,49.5044753,49.6561639,49.8103749,49.9617327,50.112488,50.2596341,50.3972958,50.4716386,50.5053054,50.5220845,50.5347209,50.5375289,50.5435096,50.5511378,50.5607182,50.5733635,50.5922998,50.6328646,50.70328,50.7721914,50.8567515,50.9562536,51.069197,51.1968908,51.2831108,51.4126472,51.6043729,51.7824108
Cuba,,,,,,,,,,,97,96.2262573,95.5,96.513031,96.6509094,96.7882538,96.927475,97.0712128,97.2221832,97.3830948,97.5566483,97.7455673,97.9525528,98.1793671,98.4239883,98.6834564,98.9547882,99.2350311,99.5212097,99.8000031,100,100,73.364,73.676,73.827,73.977,74.127,74.277,74.426,74.618,74.855,75.089,75.323,75.555,75.785,75.947,76.041,76.134,76.227,76.32,76.413,76.505,76.597,76.689,76.781,76.827,76.861,76.896,76.93,76.977,77.037,77.109,77.194,77.292
Curacao,100,100,100,100,100,100,100,100,100,100,100,100,100,100,100,100,100,99.997406,99.9841156,99.9549026,100,100,100,100,100,100,100,100,100,100,100,100,84.678,84.947,85.444,86.224,86.969,87.68,88.358,89.002,89.615,90.198,90.752,91.011,90.894,90.775,90.655,90.534,90.411,90.287,90.161,90.034,89.905,89.775,89.654,89.544,89.443,89.352,89.272,89.203,89.145,89.098,89.062,89.038
Cayman Islands,99.8469238,99.8788147,99.9102402,100,100,100,100,100,100,100,100,100,100,100,100,100,100,100,100,100,100,100,100,100,100,100,100,100,100,100,100,100,100,100,100,100,100,100,100,100,100,100,100,100,100,100,100,100,100,100,100,100,100,100,100,100,100,100,100,100,100,100,100,100
Cyprus,100,100,100,100,100,100,100,100,100,100,100,100,100,100,100,100,100,100,100,100,100,100,100,100,100,100,100,100,100,100,100,100,66.776,67.188,67.598,67.792,67.915,68.038,68.161,68.283,68.405,68.527,68.648,68.769,68.694,68.553,68.41,68.268,68.125,67.982,67.839,67.695,67.551,67.406,67.261,67.137,67.031,66.946,66.881,66.836,66.81,66.805,66.821,66.856
Czechia,100,100,100,100,100,100,100,100,100,100,100,100,100,100,100,100,100,100,100,100,100,100,100,100,100,100,100,100,100,100,100,100,75.22,75.158,75.03,74.901,74.772,74.643,74.513,74.382,74.251,74.12,73.988,73.877,73.809,73.74,73.671,73.602,73.533,73.463,73.394,73.324,73.255,73.185,73.197,73.29,73.384,73.477,73.57,73.675,73.792,73.921,74.061,74.214
Germany,100,100,100,100,100,100,100,100,100,100,100,100,100,100,100,100,100,100,100,100,100,100,100,100,100,100,100,100,100,100,100,100,73.118,73.269,73.36,73.497,73.71,73.922,74.133,74.342,74.551,74.758,74.965,75.17,75.374,75.577,75.779,75.98,76.179,76.378,76.575,76.771,76.966,77.16,77.17,77.18,77.19,77.2,77.224,77.261,77.312,77.376,77.453,77.544
Djibouti,,,,,,,62,56.2944946,56.3222542,56.3451691,56.3799515,56.3651428,49.7000008,56.3151169,56.2845993,56.2535477,55.5,56.199707,56.1822777,56.1747894,56.1799507,56.20047,54.5999985,56.2974739,56.6188393,57.5785637,58.6754456,60.2000008,60.5641861,61.2119293,61.7670822,61.7670822,75.957,76.114,76.161,76.207,76.254,76.3,76.347,76.393,76.439,76.485,76.532,76.578,76.624,76.67,76.716,76.761,76.807,76.853,76.899,76.944,76.999,77.064,77.138,77.222,77.314,77.417,77.528,77.648,77.777,77.915,78.062,78.217
Dominica,,,,,,,,,75,79.6219177,80.9518127,82.279213,87.6999969,84.91362,86.2253113,87.5364761,88.8495102,90.1670609,90.9000015,92.8265686,94.1739426,95.5366745,96.9174805,98.3181076,99.7365494,99.8290176,99.9835358,100,100,100,100,100,63.079,64.482,64.569,64.656,64.744,64.831,64.918,65.005,65.092,65.179,65.265,65.382,65.689,65.994,66.299,66.601,66.903,67.203,67.502,67.799,68.094,68.389,68.685,68.982,69.28,69.579,69.88,70.181,70.483,70.786,71.09,71.395
Denmark,100,100,100,100,100,100,100,100,100,100,100,100,100,100,100,100,100,100,100,100,100,100,100,100,100,100,100,100,100,100,100,100,84.843,84.871,84.898,84.925,84.952,84.979,85.006,85.033,85.06,85.086,85.1,85.15,85.25,85.36,85.566,85.856,86.098,86.293,86.487,86.654,86.795,86.957,87.142,87.292,87.41,87.526,87.642,87.757,87.874,87.994,88.116,88.24
Dominican Republic,,78.2,82.485405,83.2554932,84.0242233,84.7909088,85.5548782,86.3154449,87.0719376,91,88.7649307,89.7913589,89.7498169,89.1738052,90.3165665,90.1412277,90.1181488,96.8763428,97.5761948,97.8577576,98.1454163,97.8988724,97.8670502,98.3858566,98.4709778,98.5603638,98.9000015,100,98.9000015,99,100,100,55.226,55.497,55.767,56.037,56.752,57.598,58.441,59.276,60.107,60.933,61.753,62.565,63.371,64.605,66.003,67.37,68.71,70.02,71.3,72.542,73.753,74.827,75.802,76.749,77.67,78.566,79.436,80.277,81.074,81.828,82.54,83.213
Algeria,,,,,,,,,,,98.9730988,98.9668732,98.9530563,98.9340134,98.9120789,98.8896103,98.8690109,98.8529358,99.3000031,98.8451843,98.8589325,98.888031,98.7646637,99.0022049,99.0870132,99.1866608,99.3502502,99.6354904,99.6978378,99.5,99.8041306,99.8041306,52.085,52.871,53.657,54.439,55.219,55.997,56.774,57.544,58.313,59.118,59.919,60.712,61.501,62.284,63.061,63.83,64.593,65.348,66.097,66.826,67.54,68.236,68.915,69.576,70.221,70.848,71.459,72.052,72.629,73.189,73.733,74.261
East Asia & Pacific (excluding high income),,,,,,,,,,,91.3557181,91.9114689,92.4431441,92.6611227,93.5762419,93.1615309,94.2837037,94.361463,94.8406129,94.6369008,95.0577321,95.7231508,96.0093052,96.2393644,96.3841684,96.7908418,96.9048288,97.6225196,97.6463904,97.8499745,97.8026689,97.8026689,28.1153192,28.8917552,29.6927381,30.5064707,31.3355312,32.1779416,33.0357062,33.9032285,34.783335,35.6744121,36.5902952,37.6199002,38.7288195,39.849559,40.9810204,42.116435,43.2272909,44.3256999,45.4291686,46.5328469,47.6366129,48.6763142,49.6909142,50.6995227,51.7054757,52.7061544,53.7020454,54.6896283,55.6527394,56.5883001,57.4955735,58.3746235
Early-demographic dividend,,,,55.7968255,56.5312654,58.2868021,60.0074118,61.9735359,63.5191411,66.2102288,66.7298221,65.4986336,68.9627441,70.0367584,70.8246711,71.846304,73.3116897,74.6939983,76.2941606,77.657717,78.3411249,75.1658618,81.0462572,82.2142152,83.0640651,85.6762437,86.9785373,89.3281233,91.0541199,92.2015197,93.3316617,93.3316617,34.8810426,35.257095,35.6067454,35.9424578,36.2971521,36.6537817,36.9831404,37.3125686,37.6476225,37.979355,38.3124621,38.6350661,38.9891175,39.3409453,39.6988473,40.0652761,40.4450597,40.8282068,41.2118437,41.5949803,41.9720637,42.3338668,42.6938581,43.0694226,43.4651226,43.8800312,44.2841091,44.6778629,45.0735165,45.4745668,45.8727322,46.2764313
East Asia & Pacific,,,,,,,,,,,92.2575094,92.7522161,93.225525,93.4176405,94.2353429,93.8597511,94.865343,94.9338567,95.3634586,95.172709,95.5499722,96.147363,96.4032507,96.6087382,96.7378013,97.1034674,97.205242,97.8522786,97.8730821,98.0564973,98.0129197,98.0129197,33.9803055,34.6738391,35.3757771,36.09075,36.8225559,37.5678519,38.3265602,39.083295,39.8538418,40.6331277,41.440542,42.4325164,43.5158026,44.5996367,45.6864339,46.7693544,47.8214067,48.8586201,49.8983816,50.9285819,51.9540856,52.8824685,53.7759945,54.6637467,55.5523143,56.4386381,57.322206,58.1972583,59.0547426,59.8909778,60.6987284,61.473275
Europe & Central Asia (excluding high income),100,,,,,99.9938325,99.921551,99.9052455,99.9104794,99.6574667,99.8815161,99.8889776,99.9076604,99.9334926,99.9018712,99.8796631,99.8723073,99.8848979,99.9056685,99.9138197,99.939365,99.9242338,99.9556206,99.9466513,99.9599657,98.2757972,99.9747031,99.9801878,99.9811035,99.9843802,99.9891957,99.9891957,63.6637235,63.7651304,63.844095,63.931373,64.0177788,64.1053477,64.1724941,64.2450181,64.330807,64.4270789,64.5296993,64.6509834,64.7969273,64.971263,65.1566576,65.3475963,65.5398934,65.7363345,65.929749,66.1227291,66.3003782,66.4589946,66.6149758,66.7743242,66.9394429,67.1097398,67.2831322,67.4570907,67.6301778,67.8073047,67.9883219,68.1740242
Europe & Central Asia,100,100,100,100,100,99.9978743,99.971494,99.9652799,99.9672848,99.8713553,99.9492337,99.9524807,99.9605416,99.971633,99.9582175,99.9488419,99.9457818,99.9511704,99.9599868,99.9634166,99.9741475,99.9676754,99.9809799,99.9770917,99.9827722,99.2563097,99.9696318,99.9914231,99.9918338,99.9932244,99.9953207,99.9953207,67.5922242,67.7216235,67.8326676,67.9374501,68.0489413,68.1615797,68.2632229,68.3656305,68.4738659,68.591052,68.7199753,68.8750599,69.0759234,69.2865251,69.4995275,69.7150322,69.9294474,70.1460465,70.3584801,70.5627076,70.7581066,70.935339,71.1110478,71.2838211,71.4563058,71.636361,71.8217922,72.0111433,72.2059785,72.4072058,72.6099504,72.822416
Ecuador,,,,,,89.830167,92.0513763,92.4298172,92.726642,93.071434,93.7322617,94.0246201,94.3093872,94.9730453,94.8655701,95.8326492,96.3152618,96.8126144,97.2065735,96.4708633,97.4621429,96.8726959,97.194931,98.0346756,98.9760666,98.825882,98.6999969,99.1999969,98.6999969,99.0899963,98.8499985,98.8499985,55.09,55.709,56.226,56.74,57.254,57.766,58.277,58.785,59.291,59.796,60.299,60.799,61.118,61.316,61.514,61.711,61.907,62.104,62.3,62.495,62.69,62.851,62.988,63.125,63.261,63.398,63.534,63.67,63.821,63.986,64.166,64.361
"Egypt, Arab Rep.",,,93.4,95.3922424,95.6485367,95.5,96.1543274,96.4024658,96.6465225,96.8857346,97.6999969,97.3440781,97.5361786,98.8000031,97.9070282,99.4000015,99.0400009,98.4656296,99.8000031,98.8697128,99.3945541,99.4521637,99.6999969,99.8503876,99.8000031,99.3000031,100,100,100,100,100,100,43.478,43.345,43.212,43.079,42.946,42.814,42.681,42.658,42.704,42.75,42.797,42.843,42.889,42.935,42.981,43.027,43.073,43.078,43.058,43.039,43.019,43,42.946,42.893,42.839,42.785,42.732,42.705,42.704,42.73,42.783,42.862
Euro area,100,100,100,100,100,100,100,100,100,100,100,100,100,100,100,100,100,100,100,100,100,100,100,100,100,100,100,100,100,100,100,100,71.2179664,71.3828437,71.5318737,71.6961034,71.8784867,72.0562606,72.2322209,72.4058597,72.5774974,72.7537108,72.9421812,73.1472753,73.3908041,73.6413911,73.8868455,74.1298853,74.3677072,74.5964763,74.8229647,75.050643,75.2813337,75.5085564,75.7231748,75.9285538,76.1274357,76.3385342,76.5521827,76.7696076,76.992775,77.2316707,77.4639055,77.6998926
Eritrea,,,,,,22.9,24.7554474,25.8746109,26.9896946,28.0999355,29.2545109,30.352562,32.2000008,32.5282593,33.6106033,34.6924095,35.7760925,36.8642921,37.9597244,39.0650978,40.1831207,41.3165016,42.4679489,43.6392288,44.8283119,46.0322418,47.2480392,48.472744,49.7033844,50.9369926,52.1710968,52.1710968,18.905,19.59,20.294,21.015,21.755,22.514,23.293,24.088,24.903,25.735,26.587,27.455,28.341,29.244,30.164,31.099,32.051,33.017,34,34.585,35.175,35.771,36.372,36.979,37.59,38.206,38.827,39.451,40.08,40.712,41.347,41.985
Spain,100,100,100,100,100,100,100,100,100,100,100,100,100,100,100,100,100,100,100,100,100,100,100,100,100,100,100,100,100,100,100,100,75.351,75.528,75.61,75.692,75.774,75.856,75.938,76.019,76.1,76.181,76.262,76.343,76.533,76.778,77.022,77.263,77.502,77.74,77.976,78.21,78.442,78.673,78.902,79.133,79.366,79.602,79.84,80.08,80.321,80.565,80.81,81.056
Estonia,100,100,100,100,100,100,100,100,100,100,100,100,100,100,100,100,100,100,100,100,100,100,100,100,100,100,100,100,100,100,100,100,71.231,71.046,70.86,70.674,70.487,70.3,70.111,69.923,69.733,69.543,69.368,69.242,69.116,68.989,68.862,68.735,68.607,68.479,68.351,68.223,68.094,67.965,67.974,68.122,68.269,68.416,68.563,68.717,68.88,69.051,69.229,69.415
Ethiopia,,,,,,,,,,,12.6999998,10.1624908,11.8548336,13.5419407,15.226162,14,18.5954037,20.2854805,21.98279,23.6900387,25.4099369,23,28.8985195,30.6716728,27.2000008,29,42.9000015,44.2999992,44.9406013,48.063591,51.0939827,51.0939827,12.621,12.867,13.116,13.37,13.627,13.827,14.006,14.186,14.369,14.553,14.74,14.927,15.118,15.31,15.504,15.7,15.899,16.116,16.51,16.91,17.319,17.735,18.16,18.575,18.998,19.428,19.866,20.31,20.763,21.225,21.695,22.174
European Union,100,100,100,100,100,100,100,100,100,100,100,100,100,100,100,100,100,100,100,100,100,100,100,100,100,100,99.9601988,100,100,100,99.9953534,99.9953534,69.366679,69.5590369,69.7159276,69.845718,69.9860708,70.1268646,70.2668372,70.4015474,70.5331753,70.6697895,70.8257909,71.0123165,71.2404831,71.4628467,71.6811801,71.899961,72.1166407,72.3363642,72.5549718,72.7633097,72.9721541,73.1678233,73.3566215,73.5391171,73.7174763,73.9077723,74.1046243,74.3070267,74.5169354,74.7386634,74.9605401,75.1975713
Fragile and conflict affected situations,,,,,,,,,,,40.511873,40.9731904,41.5524008,43.3376828,42.697071,42.7911312,43.7140839,45.0134044,44.8709941,45.6735724,46.2221274,48.0932518,49.3210567,50.8450474,50.2964199,50.317422,54.5473376,54.9107801,55.00631,55.8523636,56.5277797,56.5277797,35.2213038,35.4718466,35.7180425,35.9620245,36.1308368,36.2697648,36.4469302,36.6358052,36.8225346,37.0121785,37.2206643,37.5080538,37.767276,38.026032,38.3016178,38.5913642,38.8643952,39.0927062,39.4400357,39.7939751,40.1538833,40.4596815,40.7629033,41.1066367,41.4522604,41.830879,42.2057204,42.5716955,42.9197842,43.2686294,43.6440886,44.0393172
Finland,100,100,100,100,100,100,100,100,100,100,100,100,100,100,100,100,100,100,100,100,100,100,100,100,100,100,100,100,100,100,100,100,79.367,79.843,80.128,80.409,80.688,80.963,81.223,81.466,81.707,81.946,82.183,82.368,82.503,82.638,82.772,82.905,83.037,83.168,83.299,83.429,83.77,84.313,84.841,85.125,85.175,85.225,85.275,85.325,85.382,85.446,85.517,85.596
Fiji,,,,,,,66.9,71.7715149,73.0895844,74.4028168,75.7249222,77.000679,79.6299973,80,80.7918396,82.0513535,83.3127365,88.9000015,86.1600037,87.1348648,89.2485809,90.1461258,91.0708313,91.75,93.7866058,95.1682434,96.5617447,96,99.3725052,99.7158813,100,100,41.611,42.381,43.156,43.933,44.713,45.496,46.282,46.732,47.123,47.515,47.908,48.3,48.692,49.085,49.479,49.871,50.264,50.657,51.146,51.658,52.171,52.683,53.196,53.706,54.216,54.726,55.235,55.742,56.248,56.75,57.247,57.74
France,100,100,100,100,100,100,100,100,100,100,100,100,100,100,100,100,100,100,100,100,100,100,100,100,100,100,100,100,100,100,100,100,74.056,74.229,74.401,74.572,74.743,74.912,75.082,75.25,75.417,75.614,75.871,76.127,76.38,76.632,76.883,77.13,77.377,77.621,77.868,78.117,78.369,78.622,78.878,79.135,79.394,79.655,79.917,80.18,80.444,80.709,80.975,81.242
Faroe Islands,100,100,100,100,100,100,100,100,100,100,100,100,100,100,100,100,100,100,100,100,100,100,100,100,100,100,100,100,100,100,100,100,30.594,31.154,31.872,32.596,33.33,34.071,34.822,35.354,35.654,35.86,36.337,37.175,38.022,38.714,39.247,39.781,40.147,40.341,40.536,40.731,40.926,41.088,41.225,41.363,41.501,41.638,41.777,41.914,42.064,42.225,42.398,42.583
"Micronesia, Fed. Sts.",,,,,,,,,,,46,48.3374672,50.1000328,51.8573647,53.6118088,55.3657188,57.1214981,58.8818016,60.649334,62.4268074,64.531517,66.5939865,68.4323654,70.2488174,72.0532455,73.9390564,75.9620132,77.9439087,79.7029114,81.2767334,82.9259186,82.9259186,25.818,25.752,25.686,25.62,25.554,25.068,24.473,23.889,23.314,22.749,22.33,22.33,22.33,22.33,22.33,22.33,22.324,22.317,22.311,22.305,22.298,22.305,22.324,22.355,22.399,22.456,22.526,22.608,22.703,22.812,22.933,23.068
Gabon,,,,,,,,,,,73.5999985,77.1408005,77.8424377,78.5388412,79.2323532,81.5999985,80.6201782,81.3195496,82.0261536,82.7426987,89.4617233,88.8595657,89.3000031,86.4000015,86.9643097,87.3768616,88.2038269,86.2699966,89.8815155,90.7262955,91.5715637,91.5715637,69.143,70.462,71.749,72.999,73.921,74.797,75.654,76.49,77.306,78.102,78.879,79.633,80.368,81.083,81.778,82.452,83.107,83.742,84.359,84.955,85.533,86.092,86.634,87.156,87.651,88.118,88.559,88.976,89.37,89.741,90.092,90.423
United Kingdom,100,100,100,100,100,100,100,100,100,100,100,100,100,100,100,100,100,100,100,100,100,100,100,100,100,100,100,100,100,100,100,100,78.14,78.112,78.172,78.232,78.293,78.353,78.413,78.472,78.532,78.591,78.651,78.751,79.047,79.339,79.629,79.915,80.199,80.479,80.757,81.031,81.302,81.57,81.837,82.102,82.365,82.626,82.886,83.143,83.398,83.652,83.903,84.152
Georgia,,,,,,,,,,,99.8118134,99.8053284,99.9000015,100,99.9300003,97.935051,100,100,100,100,100,100,100,100,100,100,100,100,99.9000015,100,100,100,55.038,54.799,54.559,54.32,54.08,53.841,53.6,53.36,53.12,52.879,52.638,52.398,52.441,52.83,53.218,53.605,53.992,54.379,54.765,55.15,55.535,55.919,56.303,56.685,57.067,57.448,57.837,58.231,58.632,59.039,59.453,59.872
Ghana,,,,30.6,30.3694057,32.4504509,34.5287704,36.6036949,42.6,40.7405396,43.7000008,44.837513,46.8580704,48.2999992,50.8858299,41.25,55.0934486,56.9297943,60.5,60.9907799,64.1999969,64.062561,56.5099983,70.6999969,78.3000031,74.0788422,79.3000031,79,80.4000015,83.5,85.8735504,85.8735504,36.441,37.17,37.905,38.644,39.39,40.14,40.896,41.654,42.418,43.184,43.929,44.601,45.275,45.951,46.63,47.308,47.988,48.669,49.351,50.031,50.713,51.394,52.073,52.748,53.419,54.086,54.749,55.407,56.06,56.707,57.349,57.985
Gibraltar,100,100,100,100,100,100,100,100,100,100,100,100,100,100,100,100,100,100,100,100,100,100,100,100,100,100,100,100,100,100,100,100,100,100,100,100,100,100,100,100,100,100,100,100,100,100,100,100,100,100,100,100,100,100,100,100,100,100,100,100,100,100,100,100
Guinea,,,,,,,,,,16.4,15.1462574,16.4323845,17.7109261,18.9842319,20.254652,20.2000008,22.7962914,24.0725689,25.3560772,26.6495266,27.9556236,29.2770805,26.2000008,31.9759579,33.3531189,34.745121,33.5,35.4000015,45,42.2000008,44.6686783,44.6686783,28.026,28.312,28.601,28.89,29.182,29.475,29.77,30.052,30.323,30.595,30.869,31.144,31.42,31.698,31.977,32.257,32.539,32.822,33.106,33.391,33.678,33.966,34.255,34.545,34.836,35.141,35.46,35.793,36.14,36.5,36.875,37.264
"Gambia, The",,,,17.7,18.2500496,19.9214439,21.5901184,23.2553921,24.9165878,26.5729408,34.2999992,29.8700199,31.5175648,27.7999992,34.7993011,30.4562683,38.0789452,39.7242279,41.3767395,43.0391922,46.6552773,48.2470856,49.8279305,51.5,52.9337273,54.5619888,56.3274078,56.2000008,60.2999992,62.0999985,62.2730675,62.2730675,38.312,39.41,40.52,41.586,42.472,43.362,44.258,45.155,46.057,46.961,47.868,48.775,49.683,50.555,51.288,52.02,52.751,53.481,54.211,54.937,55.662,56.384,57.105,57.82,58.528,59.228,59.918,60.599,61.27,61.931,62.582,63.222
Guinea-Bissau,,,,,,,,,,,,,1.25370574,2.59146237,3.92633271,5.26066637,14.5361996,7.93760061,9.28555965,4.69999981,6,13.3999119,14.8038855,16.2276897,17.2000008,20.053154,22.968792,26,28.4950562,30.9615574,33.3354683,33.3354683,30.83,32.39,33.271,33.635,34.002,34.371,34.742,35.114,35.488,35.865,36.243,36.622,37.004,37.387,37.772,38.157,38.545,38.934,39.325,39.716,40.111,40.508,40.908,41.31,41.715,42.123,42.533,42.945,43.36,43.777,44.196,44.617
Equatorial Guinea,,,,,,,,,,,65.5595627,65.5711899,65.5752335,65.5740433,65.5699692,65.5653534,65.5626144,65.5643921,65.57341,65.5923615,66.1572647,66.0999985,65.7359467,65.8208084,65.9234695,66.0409775,66.1703568,66.3086395,66.452858,66.6000443,66.7477264,66.7477264,34.745,35.748,36.766,37.792,38.831,40.494,42.187,43.893,45.616,47.35,49.092,50.832,52.573,54.307,56.033,57.74,59.431,61.1,62.745,64.358,65.94,67.488,69,69.544,70.083,70.616,71.138,71.646,72.143,72.627,73.1,73.561
Greece,100,100,100,100,100,100,100,100,100,100,100,100,100,100,100,100,100,100,100,100,100,100,100,100,100,100,100,100,100,100,100,100,71.467,71.635,71.757,71.878,71.998,72.119,72.239,72.358,72.478,72.597,72.716,72.913,73.303,73.689,74.073,74.452,74.827,75.199,75.568,75.932,76.292,76.649,77.004,77.355,77.702,78.046,78.387,78.724,79.058,79.388,79.715,80.038
Grenada,,,,,,,,,85.04,85.5294647,86.0422287,86.3716583,86.693512,87.0101242,87.3238449,87.6370392,87.9521027,88.2716827,90,88.935257,89.2846603,88.8000031,90.0322495,90.434906,90.8553772,91.2906876,91.7378693,92.1939545,92.3000031,93.1209641,93.5864487,93.5864487,33.427,33.503,33.744,33.985,34.227,34.47,34.714,34.959,35.204,35.45,35.698,35.919,35.913,35.907,35.901,35.895,35.889,35.883,35.877,35.871,35.865,35.859,35.869,35.896,35.938,35.997,36.072,36.164,36.272,36.396,36.537,36.694
Greenland,100,100,100,100,100,100,100,100,100,100,100,100,100,100,100,100,100,100,100,100,100,100,100,100,100,100,100,100,100,100,100,100,79.698,80.033,80.301,80.503,80.703,80.902,81.1,81.226,81.351,81.476,81.6,81.849,82.095,82.338,82.58,82.858,83.172,83.482,83.787,84.087,84.383,84.755,85.2,85.551,85.813,86.071,86.326,86.574,86.816,87.052,87.282,87.507
Guatemala,,,,,,60.8,67.6799393,68.9040756,70.1241302,70.9,73.3182068,73.7327271,78.6678391,78.512207,77.228241,78.3892059,83.7309952,80.7194061,81.8939972,83.0785294,84.2757111,84.026413,86.7188568,87.9692917,85.4943695,90.5206223,91.8155823,93.3000031,94.4292374,95.7420044,97.0552673,97.0552673,41.992,42.323,42.655,42.987,43.32,43.654,43.989,44.323,44.659,44.995,45.332,45.668,46.005,46.318,46.616,46.913,47.21,47.508,47.807,48.104,48.403,48.701,49,49.311,49.634,49.971,50.319,50.68,51.054,51.439,51.836,52.245
Guam,99.8443069,99.8758163,99.906868,99.9372559,99.9650803,100,100,100,100,100,100,100,100,100,100,100,100,100,100,100,100,100,100,100,100,100,100,100,100,100,100,100,90.796,91.061,91.32,91.571,91.816,92.055,92.287,92.513,92.733,92.946,93.129,93.233,93.334,93.435,93.534,93.631,93.727,93.822,93.916,94.008,94.099,94.188,94.277,94.364,94.449,94.534,94.617,94.699,94.78,94.859,94.938,95.015
Guyana,,,,72.376631,70.7139816,71.3519821,71.9872665,72.6191559,73.2469559,73.8699188,74.5172806,75.1007385,75.6766129,76.2472534,76.8150101,77.5,73.3825912,78.5249252,79.1057663,77.5999985,83.091629,84.0845413,85.0664825,86.0264893,86.9000015,88.0038376,89.1703568,90.2958145,91.1983795,91.9157562,92.5405426,92.5405426,29.583,29.493,29.404,29.315,29.226,29.137,29.048,28.959,28.871,28.782,28.694,28.606,28.518,28.307,28.064,27.822,27.582,27.343,27.105,26.869,26.634,26.4,26.4,26.4,26.414,26.441,26.482,26.538,26.606,26.689,26.786,26.897
High income,99.8179426,99.859429,99.8470877,99.8592447,99.8641237,99.8694598,99.8659062,99.8790688,99.8948903,99.8888956,99.8994807,99.8949698,99.899562,99.936893,99.907826,99.9117559,99.9414356,99.9249961,99.9296639,99.9506847,99.9490145,99.9558678,99.9656048,99.9572756,99.9708037,99.9692083,99.9584766,99.9713654,99.9819317,99.9851104,99.9883529,99.9883529,73.7757401,74.0608456,74.3294341,74.5757211,74.8235174,75.070039,75.3070366,75.5315178,75.7537674,75.9745816,76.1915284,76.5289955,76.921179,77.2883385,77.6426982,77.9854161,78.3040529,78.6123934,78.9118396,79.1953578,79.4672169,79.6725809,79.8466186,80.0162725,80.1843717,80.3595062,80.5382972,80.7193833,80.9037719,81.0966345,81.2827523,81.4674538
"Hong Kong SAR, China",100,100,100,100,100,100,100,100,100,100,100,100,100,100,100,100,100,100,100,100,100,100,100,100,100,100,100,100,100,100,100,100,99.517,99.832,99.979,100,100,100,100,100,100,100,100,100,100,100,100,100,100,100,100,100,100,100,100,100,100,100,100,100,100,100,100,100
Honduras,,54.781937,58.913112,61.100156,64.733947,66.122022,61.68112,64.794754,66.859519,67.394103,67.3833542,64.1999969,63.1411362,65.0904617,67.1135254,68.9033127,71.266449,73.5481873,76.3968964,78.2696838,80.9846649,82.1952972,83.6077271,87.1848831,88.6537704,89.9817123,91.5999985,86.5,91.5999985,91.0999985,93.2067108,93.2067108,40.46,40.953,41.448,41.943,42.441,42.941,43.442,43.944,44.447,44.952,45.458,45.964,46.61,47.267,47.927,48.585,49.245,49.905,50.566,51.225,51.885,52.543,53.202,53.858,54.514,55.165,55.813,56.457,57.096,57.73,58.359,58.982
Heavily indebted poor countries (HIPC),,,,,,,,,,21.8600053,17.7577478,18.5229321,19.2451635,20.7362849,21.81328,21.5262824,24.164511,25.7336708,25.8240153,26.9520518,28.7189401,29.2039212,31.9271994,32.8428397,35.3668768,35.3528964,40.5549553,41.454869,44.0782145,44.8714465,46.4506297,46.4506297,25.4409393,25.8214638,26.1912874,26.5501035,26.9184533,27.2561508,27.5158492,27.8023615,28.1034706,28.4044262,28.7173036,29.067649,29.4076658,29.7516686,30.1020863,30.4749146,30.853911,31.1752553,31.6119109,32.0453349,32.4874187,32.9320104,33.3592931,33.7922121,34.2331207,34.6872324,35.1500788,35.6129325,36.0789578,36.5507593,37.0293809,37.5157943
Croatia,100,100,100,100,100,100,100,100,100,100,100,100,100,100,100,100,100,100,100,100,100,100,100,100,100,100,100,100,100,100,100,100,51.037,51.357,51.588,51.818,52.048,52.279,52.509,52.739,52.968,53.198,53.428,53.642,53.81,53.979,54.147,54.315,54.483,54.651,54.819,54.987,55.155,55.322,55.506,55.706,55.923,56.155,56.403,56.667,56.947,57.242,57.553,57.878
Haiti,,,,,,31.3,30.0130177,30.5570374,31.0969753,31.6320724,33.7000008,31.5423813,33.1524734,31.6000004,34.1108131,34.5880051,33.9000015,35.5506516,36.0414658,36.5422211,37.0556221,37.5843849,37.9000015,38.697876,39.4964104,40.8362846,40.4000015,43.7492714,44.9623451,45.9902344,46.9255333,46.9255333,28.51,29.641,30.8,31.39,31.987,32.59,33.2,33.792,34.389,34.992,35.6,37.251,38.935,40.645,41.679,42.638,43.604,44.574,45.551,46.528,47.509,48.492,49.477,50.46,51.444,52.427,53.396,54.346,55.278,56.192,57.088,57.964
Hungary,100,100,100,100,100,100,100,100,100,100,100,100,100,100,100,100,100,100,100,100,100,100,100,100,100,100,100,100,100,100,100,100,65.838,65.713,65.587,65.461,65.335,65.209,65.083,64.956,64.829,64.702,64.575,64.67,65.081,65.489,65.896,66.365,66.895,67.421,67.943,68.46,68.911,69.358,69.678,69.953,70.227,70.5,70.779,71.062,71.351,71.644,71.942,72.245
IBRD only,,,,,,,,,,,84.3003629,83.7251049,85.8129309,86.3871584,86.894733,87.6014064,88.339235,89.1281544,89.9466777,90.760348,91.4498059,89.1810396,92.7765246,93.4753165,94.0445563,95.2017107,95.7646809,96.7134578,97.7747847,98.310845,98.7761637,98.7761637,38.4376451,38.9407151,39.4416107,39.9437592,40.450221,40.9564806,41.4650391,41.9796223,42.5030764,43.0321242,43.5714333,44.159382,44.799375,45.4475033,46.1053498,46.7695515,47.4226926,48.0691816,48.7196269,49.3708673,50.0183703,50.639229,51.2523656,51.8739558,52.5039171,53.1309716,53.7478868,54.3583856,54.9607076,55.5551235,56.1401986,56.7186273
IDA & IBRD total,,,,,,,,,,,73.8724801,73.4907763,75.2581704,75.9885421,76.2632286,76.8732145,77.7398474,78.342403,79.102545,79.7987962,80.2410943,78.992967,82.0459615,82.653123,83.1436049,84.3071446,85.5887868,86.6531464,87.8043656,88.3341369,88.9339842,88.9339842,35.9181444,36.3762654,36.8250162,37.2702453,37.7199642,38.1677342,38.6109504,39.0614024,39.5184993,39.9759037,40.4411652,40.9567576,41.5120237,42.07228,42.641546,43.2173137,43.7845734,44.341484,44.912649,45.4824627,46.0489995,46.5887101,47.1203721,47.6598695,48.2074919,48.7600603,49.3041936,49.8418517,50.371311,50.8925821,51.4029545,51.9046694
IDA total,,,,,,,,,36.9906261,38.3394447,35.3597797,36.1838486,37.3477385,39.1427852,39.0806537,39.8337438,41.8596436,42.4303984,43.4715805,44.2556874,44.4469167,46.8554114,48.6463351,49.3310635,49.9331359,51.4810561,55.2927372,57.080265,58.8626501,59.8254748,61.2199358,61.2199358,25.581188,25.9511467,26.3004176,26.6439614,26.9945455,27.3383131,27.6568927,27.9878022,28.3229358,28.6499219,28.9886351,29.3930896,29.804713,30.2150625,30.632069,31.0615558,31.5027277,31.9298227,32.4039221,32.8742124,33.3569251,33.8116339,34.2432987,34.6686451,35.1025447,35.5750392,36.0594521,36.5505829,37.0494027,37.5552272,38.0636113,38.5761123
IDA blend,,,,,,,,,54.5317964,55.7480534,54.9096587,55.6188357,55.9516268,58.2959423,56.9346677,57.3652423,57.7220082,58.8699176,59.2292369,58.5034971,57.5148349,61.9486425,61.4990665,62.4916624,61.4680754,61.6155128,65.4678673,63.851835,65.95552,66.9892236,67.856397,67.856397,30.2581712,30.629293,31.0043121,31.3703631,31.7348129,32.1001471,32.4700451,32.8388584,33.199087,33.5405546,33.8878497,34.3309326,34.7781665,35.2173884,35.6603156,36.1085219,36.5631292,37.0245428,37.4915456,37.9635044,38.450768,38.9228261,39.3747271,39.8320608,40.2966957,40.7668401,41.2390161,41.7105516,42.187884,42.6719641,43.1605877,43.6537676
Indonesia,,48.9,66.6965637,55.43,62.8,66.86,72.39,80.3,80.94,83.73,86.3000031,86.2600021,87.5999985,87.9400024,89.0100021,85.0383224,90.6200027,91.0999985,92.7300034,93.5500031,94.1500015,94.8300018,96,96.4642563,97.0100021,97.5373688,97.6200027,98.1399994,98.5100021,98.8499985,96.9499969,96.9499969,30.584,31.613,32.703,33.808,34.933,36.076,37.235,38.406,39.593,40.792,42.002,42.783,43.568,44.356,45.149,45.942,46.738,47.535,48.335,49.134,49.914,50.595,51.276,51.955,52.635,53.313,53.989,54.659,55.325,55.985,56.641,57.29
IDA only,,,,,,,,,23.7489677,25.5663308,25.1742186,26.0210066,27.6390923,29.1647904,29.7822817,30.7059362,33.6839892,33.9920176,35.373585,36.9208646,37.7185404,39.0606201,42.0252617,42.5572397,44.0037264,46.284265,50.0953969,53.6345539,55.2588725,56.2034417,57.8689372,57.8689372,23.213264,23.5722116,23.9086767,24.245593,24.5887231,24.9185702,25.2060052,25.5123231,25.8299823,26.1461862,26.4723214,26.848146,27.2426158,27.6428207,28.0476606,28.4690227,28.9053123,29.3147104,29.7893485,30.2542269,30.7291432,31.1719953,31.5948757,32.0060903,32.4277262,32.908126,33.4093122,33.9205605,34.4386198,34.9640682,35.4899565,36.0180313
Isle of Man,100,100,100,100,100,100,100,100,100,100,100,100,100,100,100,100,100,100,100,100,100,100,100,100,100,100,100,100,100,100,100,100,51.746,51.745,51.754,51.764,51.773,51.783,51.792,51.8,51.808,51.815,51.823,51.833,51.851,51.869,51.887,51.905,51.922,51.94,51.958,51.976,51.994,52.012,52.046,52.096,52.162,52.245,52.343,52.458,52.588,52.735,52.898,53.076
India,,,,50.9,49.8113098,51.4087753,53.003521,54.5948639,56.1821327,60.1,58.7214737,55.7999992,62.2999992,64.0474854,64.4000015,67.5798111,67.9000015,71.1198654,72.8993835,75,76.3000031,67.5999985,79.9000015,81.9993286,83.8724976,88,89.2177963,92.1249466,95.6999969,97.3082657,99,99,25.547,25.778,25.984,26.191,26.399,26.607,26.817,27.028,27.24,27.453,27.667,27.918,28.244,28.572,28.903,29.235,29.569,29.906,30.246,30.587,30.93,31.276,31.634,32.003,32.384,32.777,33.182,33.6,34.03,34.472,34.926,35.393
Not classified,,,,,,,,,,,,,,,,,,,,,,,,,,,,,,,,,,,,,,,,,,,,,,,,,,,,,,,,,,,,,,,,
Ireland,100,100,100,100,100,100,100,100,100,100,100,100,100,100,100,100,100,100,100,100,100,100,100,100,100,100,100,100,100,100,100,100,,,,,,,,,,,,,,,,,,,,,,,,,,,,,,,,
"Iran, Islamic Rep.",,,,,,,,,,,97.9000015,98.129303,98.2332764,98.3320236,98.4278793,98.5231934,98.4000015,98.7220993,98.8310471,99.7099991,99.4910431,99.5726471,99.64328,99.8300018,100,99.9599991,99.9499969,99.9400024,100,100,100,100,,,,,,,,,,,,,,,,,,,,,,,,,,,,,,,,
Iraq,,,,,,,,,,,96.9216766,97.0627975,97.1963348,97.3246307,97.4500427,97.5749207,97.6221085,98.0999985,97.9714355,98.1198807,98.2809677,98,99.3000031,98.8662796,99.0984344,99.3454285,99.6043015,99.8720703,99.9000015,99.9920044,100,100,,,,,,,,,,,,,,,,,,,,,,,,,,,,,,,,
Iceland,100,100,100,100,100,100,100,100,100,100,100,100,100,100,100,100,100,100,100,100,100,100,100,100,100,100,100,100,100,100,100,100,,,,,,,,,,,,,,,,,,,,,,,,,,,,,,,,
Israel,100,100,100,100,100,100,100,100,100,100,100,100,100,100,100,100,100,100,100,100,100,100,100,100,100,100,100,100,100,100,100,100,,,,,,,,,,,,,,,,,,,,,,,,,,,,,,,,
Italy,100,100,100,100,100,100,100,100,100,100,100,100,100,100,100,100,100,100,100,100,100,100,100,100,100,100,100,100,100,100,100,100,,,,,,,,,,,,,,,,,,,,,,,,,,,,,,,,
Jamaica,70.334586,77.2288666,78.0329208,78.8362961,79.6383133,80.4382935,85.706045,82.0294037,82.8191757,84.554112,84.3941345,87.7081146,86.6812897,86.6085663,87.3378067,88.0665054,88.797081,89.5321808,92,91.0267792,92.1999969,91.0999985,93.0999985,93.9000015,93.3000031,94.9000015,96.7379837,97.609581,98.4871216,99.3676224,100,100,,,,,,,,,,,,,,,,,,,,,,,,,,,,,,,,
Jordan,96.8,97.8546829,97.9748611,98.0943604,98.2125015,98.328598,98.4419785,98.9,98.6578522,98.7589111,98.9342728,98.9780655,99.5,99.0452499,99.173439,99.1008911,100,98.8000031,100,99.4000015,100,99.6515656,99.5,99.7014389,99.748497,99.8981705,99.9588242,100,99.9000015,100,99.9000015,99.9000015,,,,,,,,,,,,,,,,,,,,,,,,,,,,,,,,
Japan,100,100,100,100,100,100,100,100,100,100,100,100,100,100,100,100,100,100,100,100,100,100,100,100,100,100,100,100,100,100,100,100,,,,,,,,,,,,,,,,,,,,,,,,,,,,,,,,
Kazakhstan,,,,,,99.9,99.1921158,99.2694702,99.3427505,97,99.5095596,99.6500015,99.8099976,99.9199982,99.9599991,100,99.7665482,100,100,100,100,99.7974701,100,100,100,100,100,100,100,100,100,100,,,,,,,,,,,,,,,,,,,,,,,,,,,,,,,,
Kenya,,,,10.9,3.47343683,5.42734337,7.3785305,9.32631779,14.5,13.2088919,15.1311712,17.0330849,18.9274139,16,22.7027149,24.5883865,26.4759293,28.3679943,30.2672901,23,19.2000008,36.035656,37.9909668,39.9661064,36,41.5999985,53.0999985,55.9764099,61.2845726,69.6999969,71.4379425,71.4379425,,,,,,,,,,,,,,,,,,,,,,,,,,,,,,,,
Kyrgyz Republic,,,,,,,,99.8,99.5538254,99.5655823,99.6102448,99.5810089,100,99.502121,99.4571838,99.4423065,98.8899994,99.5400009,99.5100021,99.5,99,98.3199997,99.8000031,98.9300003,99.8000031,98.6900024,99.7099991,100,100,99.8742371,99.9810486,99.9810486,,,,,,,,,,,,,,,,,,,,,,,,,,,,,,,,
Cambodia,,,,,,,,,18.67,8.82003689,16.6000004,14.6247778,18.1870995,19.2999992,25.2983837,20.5,32.4075813,35.9676361,26.3999996,43.1121521,31.1000004,50.3072624,53.9305649,57.5736961,56.0999985,64.9104233,69.5443115,89.0699997,81.0756531,84,86.4000015,86.4000015,,,,,,,,,,,,,,,,,,,,,,,,,,,,,,,,
Kiribati,,,,,,,,,,,55.124897,56.9190254,58.7055664,60.4868774,62.2652969,69.6764069,68.8000031,67.6072235,69.3987274,64.1900024,63.1677361,74.8437347,76.6912613,78.9310608,83.453949,90.5581818,92.799614,86.176445,88.1031647,90.0328522,91.963028,91.963028,,,,,,,,,,,,,,,,,,,,,,,,,,,,,,,,
St. Kitts and Nevis,91.3068161,91.6711731,92.0354309,92.3990021,92.7612076,93.1213837,93.4788361,93.8328857,94.1828613,94.5279922,95.2815399,93.5299988,95.8031845,96.054985,96.303894,96.552269,96.8025208,97.0572891,97.3192902,97.5912247,99.8433914,100,100,100,100,100,100,100,100,100,100,100,,,,,,,,,,,,,,,,,,,,,,,,,,,,,,,,
"Korea, Rep.",99.882843,99.912674,99.942215,99.9694366,99.9891205,100,100,100,100,100,100,100,100,100,100,100,100,100,100,100,100,100,100,100,100,100,100,100,100,100,100,100,,,,,,,,,,,,,,,,,,,,,,,,,,,,,,,,
Kuwait,100,100,100,100,100,100,100,100,100,100,100,100,100,100,100,100,100,100,100,100,100,100,100,100,100,100,100,100,100,100,100,100,,,,,,,,,,,,,,,,,,,,,,,,,,,,,,,,
Latin America & Caribbean (excluding high income),,,87.8597449,88.4918836,89.4866314,87.6890848,88.7889898,89.2521525,89.9194404,90.5858987,91.0887319,91.7310682,92.0625016,92.2966755,92.7239454,93.0903835,93.7958166,94.1072305,94.9107539,95.0283961,95.5517271,95.9167774,96.2986086,96.6227409,96.7653747,97.0491226,97.2923011,97.5838167,97.6082721,97.9219482,98.3850972,98.3850972,,,,,,,,,,,,,,,,,,,,,,,,,,,,,,,,
Lao PDR,,,,31,25.605793,25,31.2476997,34.0638962,36.8760109,39.6832848,42.4961395,45.2667084,46.2999992,48,53.5423088,57.2000008,57.0410576,54.9599991,66,67.3593979,70.1499405,70,76.3666306,79.5762558,83.1340408,89.6999969,90.54953,93.5999985,97.7971573,99.0920868,100,100,,,,,,,,,,,,,,,,,,,,,,,,,,,,,,,,
Lebanon,,,,,,,,,,,99.351593,99.3465652,99.3339539,99.3161087,99.9000015,99.2741089,99.3838196,97.8000031,99.9000015,99.2344894,99.474411,99.6840134,99.5067596,99.4955139,99.4823227,99.5831757,99.7256241,99.8798294,99.6999969,99.9748688,100,100,,,,,,,,,,,,,,,,,,,,,,,,,,,,,,,,
Liberia,,,,,,,,,,,,,,,,,,3,1.2792896,1.89999998,5.16266441,4.0999999,9.10747242,9.80000019,9.39999962,15.1617355,17.7000008,24.2000008,22.8791332,23.1000004,27.5347099,27.5347099,,,,,,,,,,,,,,,,,,,,,,,,,,,,,,,,
Libya,,,,,,,,,,,99.8000031,97.1470566,95.4233704,93.6944427,91.9626389,90.2302856,88.4998169,86.7738647,85.0551376,83.3463593,81.6502228,79.9694519,78.3067474,76.6638718,75.0388031,73.4285736,71.8302231,70.2407684,67,68.6424026,69.7073517,69.7073517,,,,,,,,,,,,,,,,,,,,,,,,,,,,,,,,
St. Lucia,,,,,,,,,,,89.3874359,89.9000015,90.3582916,90.8346939,91.3082123,91.781189,92.2560425,92.7354202,93.222023,93.7185669,94.1999969,94.7525177,95.3434219,95.8573837,96.4376373,97.0327377,97.6397095,98.279808,98.8773956,99.502182,100,100,,,,,,,,,,,,,,,,,,,,,,,,,,,,,,,,
Latin America & Caribbean,,,88.7143228,89.3182249,90.2230829,88.5995058,89.5579088,90.0158644,90.6368873,91.2475877,91.7257407,92.3422288,92.6460732,92.7391201,93.2269851,93.5536,94.2686513,94.496909,95.230451,95.3797498,95.8527759,96.184007,96.5643399,96.8423279,97.0328118,97.2850339,97.4871915,97.7335954,97.8026986,98.0919354,98.5165341,98.5165341,,,,,,,,,,,,,,,,,,,,,,,,,,,,,,,,
Least developed countries: UN classification,,,,,,,,,,,20.0791374,20.8950063,22.8958397,24.3794399,24.9861511,26.1526238,28.7935408,29.5158038,30.7868357,32.4078137,32.9811098,34.6864402,38.1247914,38.2514144,39.473263,42.4135635,46.329067,50.2239684,52.0657846,52.8263748,54.6097983,54.6097983,,,,,,,,,,,,,,,,,,,,,,,,,,,,,,,,
Low income,,,,,,,,,,,12.0747919,12.72683,13.61375,15.1885895,16.1770947,16.0368586,17.9015855,19.8426489,19.7197236,21.5602546,22.9800524,23.6938139,27.3948965,27.5100732,29.4423647,29.4976678,35.0101572,36.3481138,39.1242666,39.7018236,41.3691647,41.3691647,,,,,,,,,,,,,,,,,,,,,,,,,,,,,,,,
Liechtenstein,100,100,100,100,100,100,100,100,100,100,100,100,100,100,100,100,100,100,100,100,100,100,100,100,100,100,100,100,100,100,100,100,,,,,,,,,,,,,,,,,,,,,,,,,,,,,,,,
Sri Lanka,,,,,,,,,,,70.2628021,63.5999985,80.6999969,74.9988174,76.5685806,78.1378098,82.0500031,80,82.8673935,87.0899963,85.3000031,87.7600021,87,90.1999969,92.6605148,94.3518677,97.5,97.5,99.5648727,99.7585678,100,100,,,,,,,,,,,,,,,,,,,,,,,,,,,,,,,,
Lower middle income,,,,49.9586597,50.6543319,52.1086543,54.0263289,56.9370597,59.2339764,61.8331888,62.5328332,61.4878305,65.0282332,66.4069754,66.8861002,68.228204,69.7371608,71.0052653,72.5941553,73.7985567,74.3554869,71.8961853,77.5502915,78.7365298,79.6279035,82.3540565,83.9040621,85.8271773,88.0182598,89.0285021,90.0862025,90.0862025,,,,,,,,,,,,,,,,,,,,,,,,,,,,,,,,
Low & middle income,,,,,,,,,,,73.3747944,72.9867527,74.7928758,75.5565009,75.8306052,76.4569723,77.3362828,77.9598242,78.7380092,79.215074,79.6832723,78.4332545,81.5381059,82.1693925,82.6742808,83.867141,85.1835245,86.2738921,87.4491268,87.9989431,88.6185231,88.6185231,,,,,,,,,,,,,,,,,,,,,,,,,,,,,,,,
Lesotho,,,,,,,,,,,4.25875998,1.25226927,3.36165857,5.46581268,6.80000019,9.66781139,9.69999981,13.8775406,15.9918966,17,17,22.4054413,20.5599995,26.7660141,27.7999992,31.6773338,35.0715904,33.7000008,47,44.5002098,47.3527374,47.3527374,,,,,,,,,,,,,,,,,,,,,,,,,,,,,,,,
Late-demographic dividend,,,,,,,,,,,95.6592709,96.2920387,96.6549406,96.8820165,97.1143581,97.5718333,98.2404972,97.9376268,98.2561046,97.8983788,98.3953441,98.6527793,98.7589865,98.9291579,98.9416529,98.8304127,99.1712775,99.2896319,99.3055731,99.3725089,99.4619552,99.4619552,,,,,,,,,,,,,,,,,,,,,,,,,,,,,,,,
Lithuania,100,100,100,100,100,100,100,100,100,100,100,100,100,100,100,100,100,100,100,100,100,100,100,100,100,100,100,100,100,100,100,100,,,,,,,,,,,,,,,,,,,,,,,,,,,,,,,,
Luxembourg,100,100,100,100,100,100,100,100,100,100,100,100,100,100,100,100,100,100,100,100,100,100,100,100,100,100,100,100,100,100,100,100,,,,,,,,,,,,,,,,,,,,,,,,,,,,,,,,
Latvia,100,100,100,100,100,100,100,100,100,100,100,100,100,100,100,100,100,100,100,100,100,100,100,100,100,100,100,100,100,100,100,100,,,,,,,,,,,,,,,,,,,,,,,,,,,,,,,,
"Macao SAR, China",99.8492813,99.8805847,99.9114304,99.9416199,100,100,100,100,100,100,100,100,100,100,100,100,100,100,100,100,100,100,100,100,100,100,100,100,100,100,100,100,,,,,,,,,,,,,,,,,,,,,,,,,,,,,,,,
St. Martin (French part),100,100,100,100,100,100,100,100,100,100,100,100,100,100,100,100,100,99.997406,99.9841156,99.9549026,100,100,100,100,100,100,100,100,100,100,100,100,,,,,,,,,,,,,,,,,,,,,,,,,,,,,,,,
Morocco,,,49.2,56.7726517,58.6088982,56.5,62.2745934,64.102684,65.9266891,67.7458572,69.5673828,71.3479004,73.1208344,74.8885269,78.1999969,78.4176178,96.5,81.9544296,83.7323303,85.5201645,92.6713791,93.446434,94.2105179,97.1999969,91.5999985,97.3000031,97.8000031,100,98.0999985,99.5999985,100,100,,,,,,,,,,,,,,,,,,,,,,,,,,,,,,,,
Monaco,100,100,100,100,100,100,100,100,100,100,100,100,100,100,100,100,100,100,100,100,100,100,100,100,100,100,100,100,100,100,100,100,,,,,,,,,,,,,,,,,,,,,,,,,,,,,,,,
Moldova,100,100,100,100,100,100,100,100,100,100,100,100,99,100,99.0999985,98.5999985,100,100,100,100,100,100,100,100,100,100,100,99.9800034,99.9899979,100,100,100,,,,,,,,,,,,,,,,,,,,,,,,,,,,,,,,
Madagascar,,,9.2,10.1056232,10.5616484,11.0156345,11.4669008,10.9,12.3585548,12.7975006,12.7241898,14.8000002,14.0465755,20.2999992,15.3480186,15.9967613,16.6473751,17.3025112,17.96488,17.3999996,12.3000002,14.3000002,18.7000008,12.8999996,22.2350731,23.0059338,22.8999996,24.1000004,36.5,31.0400009,33.7350769,33.7350769,,,,,,,,,,,,,,,,,,,,,,,,,,,,,,,,
Maldives,,,,,,,,,,,83.8000031,87.48629,88.3574982,89.223465,90.0865479,90.9490891,91.8135071,92.6824493,93.5586243,99.9000015,99.1568604,99.2772522,99.386673,99.4741669,100,99.7064743,100,99.8000031,100,100,100,100,,,,,,,,,,,,,,,,,,,,,,,,,,,,,,,,
Middle East & North Africa,,,,,,,,,,,92.4465067,92.662589,92.588885,93.4189377,93.334533,93.9833321,95.8552656,94.1634526,94.7435609,94.8429365,95.6589078,95.7082176,95.2740887,97.0165878,96.0139918,96.4531978,96.7584912,97.6268356,96.1589414,97.1274736,97.2380725,97.2380725,,,,,,,,,,,,,,,,,,,,,,,,,,,,,,,,
Mexico,,,93.145981,95.4484634,95.238294,95.8944626,96.093624,96.3295822,96.092755,96.7482986,98.0071335,97.1383209,97.8970871,97.400856,98.597702,98.9327316,99.1141586,97.9105682,98.9140396,98.1982117,99.2366943,99.0281525,99.1116333,99.1476974,99.1729279,99,99.5,100,99.5,99.5999985,99.4000015,99.4000015,,,,,,,,,,,,,,,,,,,,,,,,,,,,,,,,
Marshall Islands,,,,,,,,,,68.5242359,68.4779739,69.964325,71.4430923,72.916626,74.3872757,75.8573837,77.3293686,72.3000031,80.2896118,81.7832794,89.2338867,89.9196091,90.5608063,91.1968536,91.8208771,92.5262756,93.3688278,94.297348,95.9162903,97.5382004,99.1606064,99.1606064,,,,,,,,,,,,,,,,,,,,,,,,,,,,,,,,
Middle income,,,,,,,,,,,77.9656508,77.5522373,79.5502654,80.321772,80.6264557,81.4044316,82.3579136,83.0166604,83.9712168,84.7129565,85.1625471,83.7990767,87.004641,87.6638931,88.1492008,89.556045,90.531159,91.6341944,92.8441605,93.43365,94.0457719,94.0457719,,,,,,,,,,,,,,,,,,,,,,,,,,,,,,,,
North Macedonia,100,100,100,100,100,100,100,100,100,100,100,100,100,100,99.4199982,100,99,100,99.1999969,99.1999969,100,99.7261658,100,100,100,100,100,100,99.8000031,100,100,100,,,,,,,,,,,,,,,,,,,,,,,,,,,,,,,,
Mali,,,,,,,6.2,4.28854084,6.06686354,7.84034395,9.59319973,10.8000002,13.0597649,14.7840195,16.5053883,18.2262192,16.6000004,21.6761513,23.4106064,24.0308952,26.9120502,28.684454,25.6000004,32.2852287,34.1133385,37.5999985,38.7898216,34.7799988,50.9000015,47.836277,50.5614166,50.5614166,,,,,,,,,,,,,,,,,,,,,,,,,,,,,,,,
Malta,100,100,100,100,100,100,100,100,100,100,100,100,100,100,100,100,100,100,100,100,100,100,100,100,100,100,100,100,100,100,100,100,,,,,,,,,,,,,,,,,,,,,,,,,,,,,,,,
Myanmar,,,,,,,,,,,41.8337898,42.9418983,47,45.1377144,46.2301178,47.3219833,48.4157219,49.5139847,50.6194763,51.7349091,48.7999992,54.0064278,55.1679344,56.3492737,52,60.5,55.5999985,69.8148346,66.2272797,68.3585281,70.3971939,70.3971939,,,,,,,,,,,,,,,,,,,,,,,,,,,,,,,,
Middle East & North Africa (excluding high income),,,,,,,,,,,91.4583943,91.6958816,91.6050843,92.5392975,92.4391293,93.1633527,95.2732653,93.3126013,93.9478253,94.036351,94.9674424,95.0177049,94.506275,96.5281514,95.3591664,95.8681961,96.2295519,97.2373586,95.5158507,96.6458901,96.7809604,96.7809604,,,,,,,,,,,,,,,,,,,,,,,,,,,,,,,,
Montenegro,100,100,100,100,100,100,100,100,100,100,100,100,100,100,100,99.8302231,100,100,100,100,100,99,100,99.6999969,97.6999969,100,100,100,100,100,100,100,,,,,,,,,,,,,,,,,,,,,,,,,,,,,,,,
Mongolia,,,,,,,,,,,67.3000031,71.0765762,72.2844696,76.3000031,74.6868896,86.1999969,77.0872192,78.2928467,79.5056992,80.7285004,78.5020828,72.0570755,84.4836121,81.1999969,87.0788269,88.400177,89.8384094,92.5125656,98.0999985,97.2299118,98.0999985,98.0999985,,,,,,,,,,,,,,,,,,,,,,,,,,,,,,,,
Northern Mariana Islands,99.8532639,99.8843765,99.9150314,99.9449234,99.9716415,100,100,100,100,100,100,100,99.9876328,99.9618988,99.9228058,99.8775787,99.8331909,100,100,100,100,100,100,100,100,100,100,100,100,100,100,100,,,,,,,,,,,,,,,,,,,,,,,,,,,,,,,,
Mozambique,,,,,,,,6.6,3.66317558,4.87912369,6.09631109,5.69999981,8.44392109,8.10000038,10.7705898,11.9319448,13.0951719,12.3999996,13.5712242,15,18.8027363,20.2000008,21.2326069,22.4201279,24.7999992,24,26.246521,24.2999992,31.1000004,29.6744499,30.6038322,30.6038322,,,,,,,,,,,,,,,,,,,,,,,,,,,,,,,,
Mauritania,,,,,,,,,,,18.7461319,22.2000008,21.5032196,22.8727341,24.2393646,18.2000008,26.973423,33.0405388,30,31.1152859,33.9595146,35.1663208,36.3621597,37.5360641,38.7999992,39.5,41.3216171,42.9000015,44.3121376,45.8300323,47.3484192,47.3484192,,,,,,,,,,,,,,,,,,,,,,,,,,,,,,,,
Mauritius,99.0415649,99.0706787,99.099678,99.128006,99.1549683,99.1798859,99.202095,99.2208939,99.2356186,99.2455063,99,99.2647247,99.4000015,99.1855164,99.1404114,99.0947647,99.0509872,99.0117416,98.9797211,98.957634,99.6900024,99.5999985,99.5686188,99.4805069,99.3803711,99.3616104,99.480011,99.6100006,99.4488449,100,99.6616516,99.6616516,,,,,,,,,,,,,,,,,,,,,,,,,,,,,,,,
Malawi,,,3.2,1.55355585,2.01366138,2.47172713,2.92707348,3.37902021,3.82688761,4.26991272,4.80000019,5.13952017,5.53415966,6.19999981,6.9000001,6.69606304,3.65322733,7.47629213,7.87589836,8.28544426,8.69999981,7.5999999,7.4000001,9,11.8999996,10.8000002,11,12.6999998,18.0200005,11.1999998,14.8667688,14.8667688,,,,,,,,,,,,,,,,,,,,,,,,,,,,,,,,
Malaysia,,,,,,,,,,,99.1039734,99.1256714,99.1397858,99.1486588,99.1546555,99.1601105,99.1674347,99.1792831,99.1983643,99.3000031,99.374054,99.4654694,99.8000031,99.6044464,99.6509399,99.7788162,99.9000015,99.9524841,99.9922409,100,100,100,,,,,,,,,,,,,,,,,,,,,,,,,,,,,,,,
North America,100,100,100,100,100,100,100,100,100,100,100,100,100,100,100,100,100,100,100,100,100,100,100,100,100,100,100,100,100,100,100,100,,,,,,,,,,,,,,,,,,,,,,,,,,,,,,,,
Namibia,,,26.4,27,28.9325886,29.9521484,30.9689884,31.9824295,32.9917908,33.9963112,36.5,35.9668617,36.9254761,37.8788528,38.8293419,39.7792969,40.7311249,43.7000008,42.6510506,44.0999985,44.6107368,42.2999992,46.6318588,47.4000015,48.7285156,51.5999985,49.7000008,52.5,54.0028954,55.1770897,56.2586937,56.2586937,,,,,,,,,,,,,,,,,,,,,,,,,,,,,,,,
New Caledonia,99.8443069,99.8758163,99.906868,99.9372559,99.9650803,100,100,100,100,100,100,100,100,100,100,100,100,100,100,100,100,100,100,100,100,100,100,100,100,100,100,100,,,,,,,,,,,,,,,,,,,,,,,,,,,,,,,,
Niger,,,4.4,4.0121398,4.57177639,6.2,7,6.23572779,6.7,7.32568216,6.48148155,8.36194134,8.85894775,9.35071945,9.83960533,7.0999999,9.30000019,11.3129187,11.8148918,12.3268061,13.2774925,14.3000002,14.3999996,15.1700058,15.7705421,16.6000004,17.2715206,18.0495262,17.6000004,18.9745712,19.2519093,19.2519093,,,,,,,,,,,,,,,,,,,,,,,,,,,,,,,,
Nigeria,27.3,35.2346001,36.0994606,36.9636459,37.8264694,38.687252,39.5453186,40.3999825,41.2505684,44.9,43.12146,43.8806725,44.6323013,52.2000008,46.1222,46.8651695,47.6100159,50.1309204,50.2999992,49.8825073,48,55.9000015,53.2312431,55.5999985,54.0482292,52.5,59.2999992,54.4000015,56.5,55.4000015,55.4000015,55.4000015,,,,,,,,,,,,,,,,,,,,,,,,,,,,,,,,
Nicaragua,,,,72.064174,69.25383,69.8499069,70.4432602,71.0332108,69.047103,72.2001266,72.7815704,72.2215805,73.8582916,74.3876266,74.9140778,73.8218155,75.9677734,76.5000763,77.0396118,77.9163132,78.1512146,78.7286987,79.6391602,80.8234406,81.8530731,83.2493286,84.6401138,85.9898376,87.1166763,88.0583267,88.9073792,88.9073792,,,,,,,,,,,,,,,,,,,,,,,,,,,,,,,,
Netherlands,100,100,100,100,100,100,100,100,100,100,100,100,100,100,100,100,100,100,100,100,100,100,100,100,100,100,100,100,100,100,100,100,,,,,,,,,,,,,,,,,,,,,,,,,,,,,,,,
Norway,100,100,100,100,100,100,100,100,100,100,100,100,100,100,100,100,100,100,100,100,100,100,100,100,100,100,100,100,100,100,100,100,,,,,,,,,,,,,,,,,,,,,,,,,,,,,,,,
Nepal,,,,,,,17.9,18.1328678,21.7325325,25.3273544,29.0462666,24.6000004,35.8874092,39.2989502,37.2000008,46.1157303,51.2000008,52.9402351,56.3619804,59.7936668,68.5999985,67.2600021,74.9659729,77.4661942,84.9000015,82.5239563,90.6999969,87.896347,93.9199982,89.9000015,89.9000015,89.9000015,,,,,,,,,,,,,,,,,,,,,,,,,,,,,,,,
Nauru,98.9990845,99.0413055,99.0834198,99.124855,99.1649246,99.2029572,99.238266,99.2701797,99.2980118,99.3210068,99.437088,99.4156342,99.3865891,99.3523178,99.315155,99.2774506,99.2416306,99.8000031,99.1862488,99.1721115,99.1706314,99,99.2164459,99.2682114,99.3377914,99,99.712883,99.8700409,99.9282227,100,100,100,,,,,,,,,,,,,,,,,,,,,,,,,,,,,,,,
New Zealand,100,100,100,100,100,100,100,100,100,100,100,100,100,100,100,100,100,100,100,100,100,100,100,100,100,100,100,100,100,100,100,100,,,,,,,,,,,,,,,,,,,,,,,,,,,,,,,,
OECD members,99.5468002,99.6445345,99.1309867,99.3270798,99.3161421,99.3163263,99.3939211,99.4256723,99.4230586,99.4759874,99.6441344,99.6714852,99.6166367,99.5999922,99.6907867,99.7681419,99.7677306,99.6527333,99.7646928,99.6919649,99.8123219,99.7908273,99.8153662,99.8388691,99.8454747,99.8396329,99.8959863,99.9406548,99.8986651,99.9532192,99.9444543,99.9444543,,,,,,,,,,,,,,,,,,,,,,,,,,,,,,,,
Oman,100,100,100,100,100,100,100,100,100,100,100,100,100,100,100,100,100,100,100,100,100,100,100,100,100,100,100,100,100,100,100,100,,,,,,,,,,,,,,,,,,,,,,,,,,,,,,,,
Other small states,,,,,,,,,,,56.5776448,57.1304322,54.3590253,55.6225989,57.3396775,58.525092,60.3942693,61.9386254,63.1478601,63.5794653,65.5792415,67.4475483,68.5521692,69.5735548,70.8252933,72.3451632,73.6388351,74.6934662,76.8490017,77.6497006,78.5972256,78.5972256,,,,,,,,,,,,,,,,,,,,,,,,,,,,,,,,
Pakistan,,,,,,,,,70.46,70.2653503,70.3106003,70.3615341,70.4048767,70.4429932,70.4782181,70.5129013,70.549469,70.5905457,70.6388626,70.697113,70.7680206,70.8542786,70.9586105,71.0827713,71.2247391,71.381546,71.5502243,70.7900009,72.7831039,74.1276932,75.3796921,75.3796921,,,,,,,,,,,,,,,,,,,,,,,,,,,,,,,,
Panama,70.19,73.4431305,74.2556381,75.0674591,75.8779221,76.6863403,77.4920425,78.2943497,79.0925751,79.8859558,81.401413,81.4562531,82.2009201,87.8000031,83.6769028,84.4129105,85.150795,85.8931961,86.6428375,87.4024124,86.8499985,88.9622192,89.767868,89.0999985,91.4366379,92.2947693,93.164772,93.6999969,94.9285202,95.81633,96.7046356,96.7046356,,,,,,,,,,,,,,,,,,,,,,,,,,,,,,,,
Peru,,,70.1,64.7489929,66.0529327,67.3548355,67,69.16024,72.072063,74.078523,72.4964981,72.1131134,74.3826904,74.3809662,75.6923599,77.173645,80.1572723,81.9881287,84.6783447,86.4243164,88.1230621,89.707489,91.0995102,92.1353683,92.9199905,93.8521805,94.1999969,94.8000031,95.1999969,95.5513611,99.3118134,99.3118134,,,,,,,,,,,,,,,,,,,,,,,,,,,,,,,,
Philippines,,,,65.4,68.0185547,69.1331177,70.244957,71.3533936,71.3,71.8741709,74.6616898,75.7229462,76.776619,76.5999985,87.5999985,79.9156189,80.1800003,82.0139084,83.3000031,84.3000031,85.397644,87.1999969,87.0800018,87.5,89.7203674,89.0800018,92.0665054,93,94.4482651,95.6450806,96.8423843,96.8423843,,,,,,,,,,,,,,,,,,,,,,,,,,,,,,,,
Palau,96.625351,96.7627029,96.8999329,97.0364914,97.1716843,97.3048401,97.4352722,97.5623093,97.6852646,97.8033752,98.1689987,98.2285538,98.2805176,98.3272476,98.3710938,98.9165039,98.4595871,98.5092926,98.5662231,98.6330948,98.712616,98.8075027,97.6304245,99.0532303,99.8103027,99.3692398,100,100,100,100,100,100,,,,,,,,,,,,,,,,,,,,,,,,,,,,,,,,
Papua New Guinea,,,,,,,11,2.15848255,4.29508972,6.42685509,7.57701397,9.88218403,12.1797695,14.4721203,16.7615833,19.0505123,12.3999996,23.6366329,25.9391861,17.2000008,19.5,32.9173203,35.2758865,37.6542854,40.0504913,42.8782196,49.4000015,54.4000015,55.7273865,59.6629753,60.4000015,60.4000015,,,,,,,,,,,,,,,,,,,,,,,,,,,,,,,,
Poland,100,100,100,100,100,100,100,100,100,100,100,100,100,100,100,100,100,100,100,100,100,100,100,100,100,100,100,100,100,100,100,100,,,,,,,,,,,,,,,,,,,,,,,,,,,,,,,,
Pre-demographic dividend,,,,,,,,22.9176844,23.6146107,24.85131,24.7641995,26.0134326,26.8650351,29.3274798,28.8938728,29.6247572,30.4946431,32.2008274,32.1036342,32.06731,32.6852445,36.0541531,37.5054186,38.2801147,39.7785106,39.940716,44.5343572,44.2631929,47.1111543,47.4773497,48.385747,48.385747,,,,,,,,,,,,,,,,,,,,,,,,,,,,,,,,
Puerto Rico,99.983429,99.9930954,99.9986191,100,100,100,100,100,100,100,100,100,100,100,100,100,100,100,100,100,100,100,100,100,100,100,100,100,100,100,100,100,,,,,,,,,,,,,,,,,,,,,,,,,,,,,,,,
"Korea, Dem. People's Rep.",,,,,,,,,,,,,,,,,,,,26,29.2511826,31.4920025,33.7508888,36.0296059,38.3261299,40.6374969,42.9607353,45.2928772,47.6309547,49.9720001,52.3135452,52.3135452,,,,,,,,,,,,,,,,,,,,,,,,,,,,,,,,
Portugal,100,100,100,100,100,100,100,100,100,100,100,100,100,100,100,100,100,100,100,100,100,100,100,100,100,100,100,100,100,100,100,100,,,,,,,,,,,,,,,,,,,,,,,,,,,,,,,,
Paraguay,,,,,,77.469114,86.2600555,86.412854,87.7623672,88.518177,89.4211426,91.0420685,91.6664429,92.5583954,93.2498779,94.6868896,96.7490463,96.452774,96.6778946,96.8913345,97.4308624,98.236557,97.8356171,99.0158844,99.0007172,99.3315353,98.4000015,99.3000031,99.5999985,99.6999969,100,100,,,,,,,,,,,,,,,,,,,,,,,,,,,,,,,,
West Bank and Gaza,,,,,,,,97.9,98.539299,98.6231537,99.6999969,99.0999985,99.2368546,99.0999985,99.5,99.5999985,99.6999969,98.8000031,99.8000031,99.9000015,99.9000015,99.6999969,99.8000031,99.9000015,99.9000015,99.9000015,100,99.6999969,100,100,100,100,,,,,,,,,,,,,,,,,,,,,,,,,,,,,,,,
Pacific island small states,,,,,,,,,,57.0452378,54.9267553,56.3876656,58.3648248,59.4325531,60.6799258,62.3820237,61.7928702,63.7323456,67.0130687,65.1408263,70.1784032,71.6579774,73.1444644,72.7130626,76.9696578,79.5551049,81.4795926,82.4610267,84.7662447,86.1230862,87.6988717,87.6988717,,,,,,,,,,,,,,,,,,,,,,,,,,,,,,,,
Post-demographic dividend,99.9943911,99.9957477,99.9970923,99.998339,99.9992621,99.9997668,99.9997754,99.999784,99.9997928,99.9998019,99.9671914,99.9563978,99.9451282,99.9621493,99.9637449,99.9597325,99.9647516,99.9588839,99.9705773,99.9722869,99.9742275,99.9749107,99.9730282,99.9793777,99.9836479,99.9854276,99.9892427,99.9921607,99.9951142,99.9979671,99.9981384,99.9981384,,,,,,,,,,,,,,,,,,,,,,,,,,,,,,,,
French Polynesia,100,100,100,100,100,100,100,100,100,100,100,100,100,100,100,100,100,100,100,100,100,100,100,100,100,100,100,100,100,100,100,100,,,,,,,,,,,,,,,,,,,,,,,,,,,,,,,,
Qatar,100,100,100,100,100,100,100,100,100,100,100,100,100,100,100,100,100,100,100,100,100,100,100,100,100,100,100,100,100,100,100,100,,,,,,,,,,,,,,,,,,,,,,,,,,,,,,,,
Romania,100,100,100,100,100,100,100,100,100,100,100,100,100,100,100,100,100,100,100,100,100,100,100,100,100,100,99.0999985,100,100,100,100,100,,,,,,,,,,,,,,,,,,,,,,,,,,,,,,,,
Russian Federation,100,100,100,100,100,100,100,100,100,100,100,100,100,100,100,100,100,100,100,100,100,100,100,100,100,95.5,100,100,100,100,100,100,,,,,,,,,,,,,,,,,,,,,,,,,,,,,,,,
Rwanda,,,2.3,,,,,1.02783597,2.17412758,3.31557703,6.19999981,4.57231617,5.93285799,7.28816462,8.64058495,4.80000019,11.3462257,12.7045031,6,15.4454613,9.69999981,10.8000002,17.5,15.1999998,19.7999992,22.7999992,29.3700008,34.0999985,36.9681511,40.3686066,46.5999985,46.5999985,,,,,,,,,,,,,,,,,,,,,,,,,,,,,,,,
South Asia,,,,46.7350709,46.3227012,47.8087284,48.9012043,50.4325625,54.3570989,57.7202797,56.3756302,54.3596419,59.9818838,61.580924,61.9046161,64.8775656,65.9107838,68.0647321,70.3505199,72.3651884,73.1883998,67.0986534,77.4403569,78.6628979,80.6929566,84.5427706,86.2270743,89.331343,92.6563447,93.9973891,95.7438705,95.7438705,,,,,,,,,,,,,,,,,,,,,,,,,,,,,,,,
Saudi Arabia,100,100,100,100,100,100,100,100,100,100,100,100,100,100,100,100,100,100,100,100,100,100,100,100,100,100,99.9000015,99.9300003,100,100,100,100,,,,,,,,,,,,,,,,,,,,,,,,,,,,,,,,
Sudan,32.8,26.9192944,27.4086132,27.897253,28.3845348,28.8697834,29.3523159,29.8314571,30.3065281,30.7767563,23,29.2552261,29.5256023,29.7905674,30.052393,30.3133469,30.5757923,30.8424416,19.9699993,29,38.0397758,39.8208046,41.5919952,43.3435173,44.9000015,46.9031067,48.8494034,50.7547188,52.4470024,53.9625397,55.3897018,55.3897018,,,,,,,,,,,,,,,,,,,,,,,,,,,,,,,,
Senegal,,,,26,27.1904869,28.8571911,30.5211773,32.2,33.8382683,36.2,37.7400017,38.757618,36.7999992,41.9641342,36.7999992,47.0999985,49.9000015,48.3618088,49.9726524,53.5,56.5,56.5,56.5,57,61,60.5,64.5,61.7000008,66,70.4000015,70.3689423,70.3689423,,,,,,,,,,,,,,,,,,,,,,,,,,,,,,,,
Singapore,100,100,100,100,100,100,100,100,100,100,100,100,100,100,100,100,100,100,100,100,100,100,100,100,100,100,100,100,100,100,100,100,,,,,,,,,,,,,,,,,,,,,,,,,,,,,,,,
Solomon Islands,,,,,,,,,,15.7,4.51702929,7.47523642,10.4258585,13.3712463,16.3137474,19.2557106,14.3999996,12.8999996,28.1034966,21.2000008,34.774807,38.6799927,42.5742111,44.7000008,50.3067589,55.0999985,58.3271942,62.9000015,66.1797638,69.8094177,73.3464813,73.3464813,,,,,,,,,,,,,,,,,,,,,,,,,,,,,,,,
Sierra Leone,,,,,,,,,,,7.78814268,8.55077076,9.30581474,10.0556231,16.7999992,11.3324852,12.2971878,13.0499678,12.1000004,14.5799274,11.4621735,14.1999998,16.976511,13.5,18.6660309,19.5345364,20.2999992,23.3999996,26.1000004,22.7000008,26.2008858,26.2008858,,,,,,,,,,,,,,,,,,,,,,,,,,,,,,,,
El Salvador,,69.60788,75.3321915,76.2761383,77.2187195,76.995504,77.883,80.031517,81.637983,79.129592,84.519249,87.0638275,87.549057,86.9611511,87.357048,87.5258408,89.2014694,91.1095581,91.0002289,91.0840225,91.5802383,92.5746841,93.6805725,95.0431061,95.1254196,95.4000015,96,96.8000031,97,97.3600006,100,100,,,,,,,,,,,,,,,,,,,,,,,,,,,,,,,,
San Marino,100,100,100,100,100,100,100,100,100,100,100,100,100,100,100,100,100,100,100,100,100,100,100,100,100,100,100,100,100,100,100,100,,,,,,,,,,,,,,,,,,,,,,,,,,,,,,,,
Somalia,,,,,,,,,,,1.89250124,4.50461578,7.4000001,9.70844078,12.3048496,14.9007215,15.2337856,20.1007328,22.7102299,25.3296661,52.1633453,51.9681129,51.7619171,51.5337906,51.2936363,51.134861,51.1132355,52.0999985,50.7649765,49.2000008,49.7308693,49.7308693,,,,,,,,,,,,,,,,,,,,,,,,,,,,,,,,
Serbia,100,100,100,100,100,100,100,100,100,100,100,100,100,100,100,99.6907196,100,100,100,100,99.718399,100,100,99.9199982,99.6607971,99.9000015,100,100,100,99.8000031,100,100,,,,,,,,,,,,,,,,,,,,,,,,,,,,,,,,
Sub-Saharan Africa (excluding high income),,,,,,,28.3765363,28.2573876,28.470367,30.0365994,25.6306946,26.1042055,27.3014214,29.5374,29.3666666,29.2932278,30.8045993,32.4225531,32.3150772,32.4852307,33.2749842,35.8112041,36.7263982,37.8558821,38.2084347,39.0085646,43.670007,43.6301392,46.2627294,46.9802565,48.2260227,48.2260227,,,,,,,,,,,,,,,,,,,,,,,,,,,,,,,,
South Sudan,,,,,,,,,,,,,,,,,0.64313179,1.03156233,1.4272238,3,1.5,2.68468475,3.13636112,3.60786819,4.0971837,4.60133982,5.11736774,4.19999981,6.17316961,6.70700693,7.24133825,7.24133825,,,,,,,,,,,,,,,,,,,,,,,,,,,,,,,,
Sub-Saharan Africa,,,,,,,28.3885498,28.268344,28.4811992,30.0470015,25.6390976,26.1123789,27.3096742,29.5449618,29.3740542,29.3004945,30.811952,32.4292482,32.3217813,32.4917936,33.2814864,35.8172319,36.7322575,37.8615463,38.2141863,39.0142132,43.675154,43.6352174,46.2674893,46.9848716,48.2304505,48.2304505,,,,,,,,,,,,,,,,,,,,,,,,,,,,,,,,
Small states,,,,,,,,,,,63.3898374,64.4221007,62.1781621,63.1195951,64.4819073,65.4690049,66.7914579,68.1424075,69.3755215,69.3510207,71.3254867,72.7539514,73.8071475,74.5736859,75.6991273,77.0940377,78.3119299,79.2268884,81.044159,81.7986491,82.6953608,82.6953608,,,,,,,,,,,,,,,,,,,,,,,,,,,,,,,,
Sao Tome and Principe,,,,,,,,,,,52.9000015,51.4911728,52.5872421,53.6780777,54.7660217,55.8534355,56.9427185,58.0365219,59.137558,56.9000015,61.3721581,62.5111427,57.9000015,64.8450775,68.5999985,67.2492981,69.3205185,74.2699966,71,74.9672012,76.5590897,76.5590897,,,,,,,,,,,,,,,,,,,,,,,,,,,,,,,,
Suriname,,,,,,,,,,99.62406,95.4943771,95.3973846,95.2928162,95.1830063,95.0703125,94.957077,91.0198364,94.738884,94.6392746,94.549614,91.1975174,94.4109344,94.3673401,94.3435822,94.3376312,94.8952332,95.8163147,96.6963348,97.4000015,97.8254166,98.2047729,98.2047729,,,,,,,,,,,,,,,,,,,,,,,,,,,,,,,,
Slovak Republic,100,100,100,100,100,100,100,100,100,100,100,100,100,100,100,100,100,100,100,100,100,100,100,100,100,100,100,100,100,100,100,100,,,,,,,,,,,,,,,,,,,,,,,,,,,,,,,,
Slovenia,100,100,100,100,100,100,100,100,100,100,100,100,100,100,100,100,100,100,100,100,100,100,100,100,100,100,100,100,100,100,100,100,,,,,,,,,,,,,,,,,,,,,,,,,,,,,,,,
Sweden,100,100,100,100,100,100,100,100,100,100,100,100,100,100,100,100,100,100,100,100,100,100,100,100,100,100,100,100,100,100,100,100,,,,,,,,,,,,,,,,,,,,,,,,,,,,,,,,
Eswatini,,,,,,,,,,,20.1957626,26.8999996,25.80867,28.6060963,31.4006367,34.1946411,35.2000008,39.7909126,42.5985413,38.5999985,45.5523376,51.1480064,54.3662262,57.5625153,65,64.012413,63.4300003,73.5,73.9157791,76.8694382,79.7304993,79.7304993,,,,,,,,,,,,,,,,,,,,,,,,,,,,,,,,
Sint Maarten (Dutch part),100,100,100,100,100,100,100,100,100,100,100,100,100,100,100,100,100,99.997406,99.9841156,99.9549026,100,100,100,100,100,100,100,100,100,100,100,100,,,,,,,,,,,,,,,,,,,,,,,,,,,,,,,,
Seychelles,,,,,90,92.1736526,92.5524902,92,93.2992935,93.6658096,94.0893402,94.4017639,96.0999985,95.0061951,95.3029099,95.5990906,99,96.1997147,96.5095215,96.8292618,97,98.1479645,98.3913651,98,100,100,100,100,100,100,100,100,,,,,,,,,,,,,,,,,,,,,,,,,,,,,,,,
Syrian Arab Republic,,,,,,,,,,,93.4835892,93.2186508,86.5999985,92.6683578,92.3877106,92.1065292,99.5057602,91.5524216,91.2848663,91.0272446,92.6999969,91.5147247,90.79319,90.1493988,89.9754944,89.8164291,89.6692352,89.5309448,86,89.2692108,89.1403198,89.1403198,,,,,,,,,,,,,,,,,,,,,,,,,,,,,,,,
Turks and Caicos Islands,88.7,91.0539093,91.4391174,91.8236465,92.2068176,92.587944,92.9663467,93.341362,93.7122879,94.0783768,95.5999985,94.8703613,95.1637192,95.4518433,95.7370758,96.0217743,96.3083496,96.5994415,96.8977661,100,100,100,93.0999985,100,100,100,100,100,100,100,99.4000015,99.4000015,,,,,,,,,,,,,,,,,,,,,,,,,,,,,,,,
Chad,,,,,,,,2.3,2.42038727,2.80621338,3.17988133,3.52711439,3.86676288,4.20117617,3.5,4.86369371,5.19655657,5.53394079,5.87855625,6.23311138,6.4000001,8.97999954,7.83540583,8.1265583,8.40568542,7.69999981,9.26384735,10.8999996,10.1140404,8.39999962,11.0801172,11.0801172,,,,,,,,,,,,,,,,,,,,,,,,,,,,,,,,
East Asia & Pacific (IDA & IBRD countries),,,,,,,,,,,91.3557649,91.9115118,92.4431835,92.6611603,93.5762738,93.1615646,94.2837308,94.3614924,94.8406361,95.5109078,95.8931974,96.535567,96.793315,96.9946717,97.1102498,97.4914291,97.5762943,98.2721628,98.2662035,98.4426476,98.3655497,98.3655497,,,,,,,,,,,,,,,,,,,,,,,,,,,,,,,,
Europe & Central Asia (IDA & IBRD countries),100,100,100,100,100,99.9950934,99.9365285,99.9231041,99.9273778,99.7197291,99.899303,99.9055342,99.9213532,99.9433252,99.9163357,99.8973451,99.891003,99.9016364,99.9192773,99.9261776,99.9479561,99.9349464,99.9618305,99.9540622,99.9654834,98.5114376,99.939261,99.9828553,99.9836435,99.9864607,99.9906327,99.9906327,,,,,,,,,,,,,,,,,,,,,,,,,,,,,,,,
Togo,,,,,,,,,15.3,16.073,16.956234,19.6003666,21.3528614,23.1001186,24.844492,26.5883274,27.8999996,30.0842667,31.8417263,33.609127,30.7917442,39.7000008,38.9980621,40.8313675,45.7000008,44.6475906,46.7650108,48,50,52.3631096,53.9974327,53.9974327,,,,,,,,,,,,,,,,,,,,,,,,,,,,,,,,
Thailand,,,,,,,,,,,82.0999985,90.4513779,91.0802231,91.7038269,92.3245468,92.9447327,99.1462021,94.193367,94.8271713,98.9599991,99.6999969,99.3518372,99.1086273,99.4405746,99.4619446,99.5999985,99.8499603,99.9000015,99.8199997,99.9000015,100,100,,,,,,,,,,,,,,,,,,,,,,,,,,,,,,,,
Tajikistan,,,,,,,,,,97,98.4677429,98.6331024,99,100,98.6270905,99.3000031,98.616539,98.6167221,98.6241379,99,98.6715012,98.7168579,99.0999985,98.8635483,98.9646225,98,99.208313,99.3000031,99.3000031,99.6332092,99.7792969,99.7792969,,,,,,,,,,,,,,,,,,,,,,,,,,,,,,,,
Turkmenistan,,,,,,,,,,,99.5999985,99.7351837,99.7191925,99.6979675,99.673851,99.6492004,99.8413315,99.6081619,99.5971375,99.5960541,100,99.8774109,99.8958359,99.9120941,99.9351044,100,99.9898987,99.9962463,100,99.9000015,100,100,,,,,,,,,,,,,,,,,,,,,,,,,,,,,,,,
Latin America & the Caribbean (IDA & IBRD countries),,,88.5862124,89.1994843,90.1151076,88.4836599,89.4523981,89.9156602,90.543871,91.1616372,91.531804,92.1851744,92.5157278,92.591431,93.0926833,93.4276695,94.1624708,94.3957647,95.1486853,95.2998628,95.7848808,96.1214952,96.5095859,96.7911769,96.9829231,97.2376916,97.4408411,97.6892302,97.7557879,98.0477008,98.4795184,98.4795184,,,,,,,,,,,,,,,,,,,,,,,,,,,,,,,,
Timor-Leste,,,,,,,,,,,17.5928116,25.6000004,23.9636135,27.7000008,30.3134727,33.4864235,36.6612434,36.5999985,43.0271645,46.2236786,38,52.6573677,55.8999557,59.1623764,62.4426079,67.2815323,76.5,79.7789612,85.3814011,90.7986526,96.1233139,96.1233139,,,,,,,,,,,,,,,,,,,,,,,,,,,,,,,,
Middle East & North Africa (IDA & IBRD countries),,,,,,,,,,,91.3726819,91.6184214,91.5246337,92.4695923,92.3636331,93.0941036,95.2253313,93.2527867,93.8834825,93.9713885,94.9124381,94.9651408,94.446464,96.4898865,95.3074708,95.8221472,96.1862989,97.209022,95.463824,96.6066588,96.742971,96.742971,,,,,,,,,,,,,,,,,,,,,,,,,,,,,,,,
Tonga,,,,,80,81.788475,82.5543671,83.3168564,84.0752716,84.8288422,85.5786285,86.2936249,87.0010376,87.7032166,88.4025116,89.101265,92.3000031,90.5070419,91.219429,91.9417496,92.6767197,92.1754532,92.8000031,94.9836655,95.7897034,100,97.0199966,98.3615723,99.1325684,98.4000015,100,100,,,,,,,,,,,,,,,,,,,,,,,,,,,,,,,,
South Asia (IDA & IBRD),,,,46.7350709,46.3227012,47.8087284,48.9012043,50.4325625,54.3570989,57.7202797,56.3756302,54.3596419,59.9818838,61.580924,61.9046161,64.8775656,65.9107838,68.0647321,70.3505199,72.3651884,73.1883998,67.0986534,77.4403569,78.6628979,80.6929566,84.5427706,86.2270743,89.331343,92.6563447,93.9973891,95.7438705,95.7438705,,,,,,,,,,,,,,,,,,,,,,,,,,,,,,,,
Sub-Saharan Africa (IDA & IBRD countries),,,,,,,28.3885498,28.268344,28.4811992,30.0470015,25.6390976,26.1123789,27.3096742,29.5449618,29.3740542,29.3004945,30.811952,32.4292482,32.3217813,32.4917936,33.2814864,35.8172319,36.7322575,37.8615463,38.2141863,39.0142132,43.675154,43.6352174,46.2674893,46.9848716,48.2304505,48.2304505,,,,,,,,,,,,,,,,,,,,,,,,,,,,,,,,
Trinidad and Tobago,,,,,,,,,,,91.2900009,96.9320221,97.1231461,97.309021,97.4920197,97.6744766,100,100,100,99,100,100,100,100,100,100,100,100,100,100,100,100,,,,,,,,,,,,,,,,,,,,,,,,,,,,,,,,
Tunisia,,,,,86.8,88.7,90.4,92,93.2,94.2,94.8000031,97.3000031,97.8000031,98.4000015,99,99.3000031,99.4000015,99.4000015,99.4000015,99.5,99.5,99.5,99.5,99.6999969,99.8000031,99.9000015,100,100,99.8000031,100,100,100,,,,,,,,,,,,,,,,,,,,,,,,,,,,,,,,
Turkiye,,,,,,,,,,,100,100,100,100,99.9979935,99.98703,99.9607239,99.923172,99.8808594,99.8508759,100,100,100,100,100,100,100,100,100,100,100,100,,,,,,,,,,,,,,,,,,,,,,,,,,,,,,,,
Tuvalu,,,,,,,,,,,94.6306763,94.8358231,94.6297836,95.2257156,95.4151611,95.6040726,95.7948456,96.6999969,96.1926804,96.4051514,96.6302719,96.8707504,97.6717758,97.4076767,97.7038574,98.0148849,97.3000031,98.8538361,99.0653839,99.6999969,99.6892319,99.6892319,,,,,,,,,,,,,,,,,,,,,,,,,,,,,,,,
Tanzania,,,6.8,2.3301878,3.30064726,4.26906729,9.4,6.19706821,7.15528965,8,8.91672611,9.86100864,10.7977066,11.1000004,11.3999996,13.5857859,14.5156984,15.4501324,11.5,11.1999998,14.8000002,14.1999998,15.3000002,16.3999996,23.5,26.1706371,32.7999992,32.2511749,35.0480232,37.659687,39.9000015,39.9000015,,,,,,,,,,,,,,,,,,,,,,,,,,,,,,,,
Uganda,,5.6,,,0.53389853,6.8,2.8111043,3.94494772,5.0747118,6.19963408,7.35113049,8.60000038,7.80000019,10.5635538,11.6254568,8.89999962,9,14.8178225,15.8928137,10,12.1000004,14.6000004,20.3192711,13.8999996,20.3999996,18.5,26.7000008,32.5211525,41.9199982,41.2999992,42.0744171,42.0744171,,,,,,,,,,,,,,,,,,,,,,,,,,,,,,,,
Ukraine,100,100,100,100,100,100,100,100,100,100,100,100,100,100,100,99.8855591,100,99.8000031,100,100,100,100,99.8674927,100,100,100,100,100,100,100,100,100,,,,,,,,,,,,,,,,,,,,,,,,,,,,,,,,
Upper middle income,,,,,,,,,,,95.5676853,96.060185,96.4453762,96.6665504,96.9232507,97.1775979,97.6050311,97.6632293,97.9663238,98.2537594,98.6822345,98.829466,99.0204177,99.0865219,99.1239664,98.8931798,99.1829198,99.2678058,99.2388184,99.3108477,99.3768382,99.3768382,,,,,,,,,,,,,,,,,,,,,,,,,,,,,,,,
Uruguay,,,96.182312,96.36306,96.54245,96.7197952,95.9,97.0656509,97.2328033,97.3951111,97.6768646,97.7853928,97.8863297,97.9820404,98.0748596,98.1671448,98.5054245,98.6926346,98.7843552,99.0999985,99.3000031,99.1699982,99.5999985,99.6118088,99.6570816,99.7094803,99.6999969,99.8000031,99.8000031,99.9000015,100,100,,,,,,,,,,,,,,,,,,,,,,,,,,,,,,,,
United States,100,100,100,100,100,100,100,100,100,100,100,100,100,100,100,100,100,100,100,100,100,100,100,100,100,100,100,100,100,100,100,100,,,,,,,,,,,,,,,,,,,,,,,,,,,,,,,,
Uzbekistan,,,,,,,99.6,99.3797455,99.4493484,99.5141144,99.5932693,99.6301041,99.6999969,99.6833649,99.7044983,99.7250824,99.490097,99.7745361,99.8087463,99.8529053,99.9128876,99.961441,99.9898224,99.9988708,100,100,100,100,100,100,100,100,,,,,,,,,,,,,,,,,,,,,,,,,,,,,,,,
St. Vincent and the Grenadines,,66.8,69.1144333,70.4648438,71.8138962,73.1609039,74.5052032,75.8460922,77.1829071,78.5148773,79.8817749,82.4100037,82.4681244,83.7522736,85.0335312,86.3142624,87.5968552,88.7900009,90.1783295,91.4826202,92.7995605,94.1318588,95.4822235,96.852417,98.2404251,99.6432724,99.8008423,99.9777069,100,100,100,100,,,,,,,,,,,,,,,,,,,,,,,,,,,,,,,,
"Venezuela, RB",,,97.820203,98.2395325,98.3233337,99,98.4841309,98.7,98.4,98.9,98.9000015,99.9000015,99.8000031,95.6999969,99.0999985,98.856163,99.3000031,98.888176,98.9136734,98.9491043,99.0549469,98.8399963,99.2080765,99.2572174,100,100,99.4000015,99.1999969,99.9112015,99.9768143,100,100,,,,,,,,,,,,,,,,,,,,,,,,,,,,,,,,
British Virgin Islands,94.6065598,94.8247375,95.0428009,95.2601929,95.4762192,95.6902008,95.901474,96.1093369,96.3131256,96.5120773,97.4126968,97.5228271,97.6253662,97.7226715,97.8170929,97.9109802,98.0067291,98.1070099,98.2145157,98.3319702,98.3000031,98.6572952,98.8501663,99.0211105,99.1800232,100,100,100,100,100,100,100,,,,,,,,,,,,,,,,,,,,,,,,,,,,,,,,
Virgin Islands (U.S.),100,100,100,100,100,100,100,100,100,100,100,100,100,100,100,100,100,100,100,100,100,100,100,100,100,100,100,100,100,100,100,100,,,,,,,,,,,,,,,,,,,,,,,,,,,,,,,,
Vietnam,,,,,,,,78.4,86.1759872,86.9944382,87.8284149,88.6074753,89.0999985,90.145195,90.9085464,96.0999985,96,93.2052689,93.9817123,96.0999985,97.4300003,99,97.8899994,98.5549622,99.1999969,99.8213043,99.1999969,100,100,99.4000015,100,100,,,,,,,,,,,,,,,,,,,,,,,,,,,,,,,,
Vanuatu,,,,,18,12.9416437,14.7923613,16.639679,18.4829178,19.1,22.1430798,23.9438801,25.7370987,27.5250797,29.3101749,31.0947342,26.4400005,33.6246185,36.4703026,33.2911148,44.0999985,41.9353294,43.7895279,31.7000008,49.0574455,52.205101,57.8199997,62.7999992,61.7545128,64.5901871,67.3332672,67.3332672,,,,,,,,,,,,,,,,,,,,,,,,,,,,,,,,
World,,,,,,,,,73.3502503,74.6578535,78.1798986,77.8317161,79.2821473,79.8711373,80.0792478,80.5710438,81.2793038,81.7717756,82.4012749,82.7698919,83.1374096,82.0744496,84.6351896,85.1398974,85.5476862,86.5258007,87.6062268,88.5040969,89.4789021,89.9263307,90.4355766,90.4355766,,,,,,,,,,,,,,,,,,,,,,,,,,,,,,,,
Samoa,,78.8,81.6401672,82.4245911,80,83.9886932,84.7669983,85.5419083,86.3127441,87.0787277,87.8578262,88.5846481,89.3038788,90.0178833,90.7289963,91.4395676,96.371727,92.868988,98.0999985,97.9000015,96.3610535,96.6685715,96.8269348,97.4165344,97.9000015,99.0670853,99.623291,96.8000031,99.9944763,99.1999969,100,100,,,,,,,,,,,,,,,,,,,,,,,,,,,,,,,,
Kosovo,100,100,100,100,100,100,100,100,100,100,,,,,,,,,,,99,,99.75,99.75,99.6800003,99.8600006,99.8000031,99.8000031,,100,,,,,,,,,,,,,,,,,,,,,,,,,,,,,,,,,,
"Yemen, Rep.",,,44.1,40.7747154,41.9851341,43.193512,44.3991699,42.6,46.7996101,47.9929466,49.1872559,50.3412399,51.4876366,52.6288033,49.5900002,54.9048195,55.8003349,57.1885681,58.3399315,59.5012398,60.6751938,61.8645058,52.4099998,75.5999985,66.0999985,67.3109283,68.8595047,79.1999969,62,72.7510757,73.7579269,73.7579269,,,,,,,,,,,,,,,,,,,,,,,,,,,,,,,,
South Africa,,,,,,,57.6,69.4833527,64.9,71.3317871,72.2824631,70.1999969,76.6999969,78.8000031,80.9000015,80.8000031,80.6999969,82,81.9000015,82.5999985,82.9000015,83.5999985,85.3000031,85.1999969,85.9000015,85.3000031,83.9000015,84.4000015,84.6999969,85,84.3855362,84.3855362,,,,,,,,,,,,,,,,,,,,,,,,,,,,,,,,
Zambia,13.9,12.7527027,19.2,14.2132072,14.9417591,15.668272,17.3,17.1124592,19,18.5402451,16.7000008,20.1723862,17.3999996,18.5,20.2999992,23.3213081,24.1072578,18.5,25.6954288,26.5030708,22,28.1590099,29.0127258,29.8862724,27.8999996,31.1000004,35.4254532,40.2999992,40.3178902,43,44.5244751,44.5244751,,,,,,,,,,,,,,,,,,,,,,,,,,,,,,,,
Zimbabwe,,,28.2,31.1636677,28.1,31.9485798,32.3372955,32.7226105,33.1038475,38.4,33.6548882,34.1728439,34.2000008,35.1883507,35.6906013,36.1923141,37.2000008,37.20401,37.7193451,43.3690834,38.7825508,36.9000015,44,40.4983749,32.2999992,33.7000008,42.5617294,44.1786346,45.5726471,46.7814751,52.7476692,52.7476692,,,,,,,,,,,,,,,,,,,,,,,,,,,,,,,,
