Country Name,1990,1991,1992,1993,1994,1995,1996,1997,1998,1999,2000,2001,2002,2003,2004,2005,2006,2007,2008,2009,2010,2011,2012,2013,2014,2015,2016,2017,2018,2019,2020,2021
Aruba,100,99.153656,99.1971283,99.2399139,100,100,100,100,100,100,91.6604004,100,100,100,100,100,100,100,100,100,93.3562927,100,100,100,100,100,100,100,100,100,100,100
Africa Eastern and Southern,,,,,,,,,,,19.9579299,19.9862203,21.6015034,22.5483066,23.8158805,23.4811562,24.7499129,26.7515913,25.9139585,26.15136,27.4827343,28.9486279,31.6823177,31.6106919,31.8249496,33.7444046,38.733352,40.0921633,42.8809766,44.0739121,45.6096043,45.6096043
Afghanistan,,,,,,,,,,,1.61359096,4.07457399,9.40915775,14.7385063,20.0649681,25.3908939,30.7186909,36.0510101,42.4000015,46.7400513,42.7000008,43.2220192,69.0999985,68.2906494,89.5,71.5,97.6999969,97.6999969,96.6161346,97.6999969,97.6999969,97.6999969
Africa Western and Central,,,,31.5751303,32.6096922,33.605668,32.6293222,32.4617967,33.4586299,34.8104285,34.10216,35.2168999,35.7345867,39.8462815,37.5388747,37.8330948,39.8432524,40.7895379,41.7510756,41.8139127,41.7998447,45.8963467,44.1374096,47.0293348,47.5871452,46.7509458,50.9313989,48.8350622,51.2385175,51.2602196,52.0820528,52.0820528
Angola,,,,,,,,,,,24.2127438,20,26.3521175,27.4127769,28.4705505,29.5277863,30.586895,37.5,38.4900017,33.8021889,34.8956375,34.5999985,37.131321,38.2780304,32,42,41.8131294,43.0132599,45.2900009,45.6427994,46.8906097,46.8906097
Albania,100,100,100,100,100,100,100,100,100,100,100,100,100,100,100,100,100,100,100,100,100,100,99.9000015,100,99.9499969,99.9800034,99.8899994,99.8899994,100,100,100,100
Andorra,100,100,100,100,100,100,100,100,100,100,100,100,100,100,100,100,100,100,100,100,100,100,100,100,100,100,100,100,100,100,100,100
Arab World,,,,,,,76.9643258,77.6235207,78.5214088,79.1123196,81.1217776,81.9465843,81.9250773,82.9121357,82.8841937,83.6107259,85.8164649,84.122235,83.7960814,84.6641603,87.3751069,87.6000014,87.2875086,89.2967256,88.2820601,88.8911296,89.3542221,90.4460099,88.9162429,90.0075969,90.2343896,90.2343896
United Arab Emirates,100,100,100,100,100,100,100,100,100,100,100,100,100,100,100,100,100,100,100,100,100,100,100,100,100,100,100,100,100,100,100,100
Argentina,92.1548004,92.4921875,92.8294525,93.1660461,93.5012741,93.834465,94.1649399,94.492012,94.8150024,95.1331558,95.783287,95.5110626,96.2288666,96.4426346,96.6535034,96.8638458,97.0760574,97.2927933,97.5167542,97.7506561,98.8199997,99.0953522,99.2299805,99.3426743,100,99.6253891,99.8495789,100,99.9895782,100,100,100
Armenia,,,,,,,,,,,98.9000015,100,98,99.1901321,99.1892319,99.8000031,99.1882324,99.1931839,99.2053757,99.2275009,99.8000031,99.6057968,99.6289673,99.4199982,99.7099991,100,99.8000031,99.6999969,99.9000015,100,100,100
American Samoa,,,,,,,,,,,,,,,,,,,,,,,,,,,,,,,,
Antigua and Barbuda,95.7630463,95.9406509,96.1181335,96.2949448,96.4703903,96.6437988,96.8144836,96.9817734,97.1449814,97.3033524,97.6892624,97.7852554,100,97.9568253,98.0371017,92.1999969,100,100,100,98.4812775,98.5972366,94.5520172,100,100,100,100,100,100,100,100,100,100
Australia,100,100,100,100,100,100,100,100,100,100,100,100,100,100,100,100,100,100,100,100,100,100,100,100,100,100,100,100,100,100,100,100
Austria,100,100,100,100,100,100,100,100,100,100,100,100,100,100,100,100,100,100,100,100,100,100,100,100,100,100,100,100,100,100,100,100
Azerbaijan,,,,,,,,,,97,98.908226,98.6218033,100,98.9274673,99.0747986,99.2215958,99.5,99.5234528,99.6838684,99.8542252,99.9437943,99.9000015,100,100,100,100,100,100,100,100,100,100
Burundi,,,,,,,,,3.9,2.07094932,2.46323681,2.79742002,3.12401843,3.44538164,3.7638588,3.20731711,2.66000009,4.72594643,4.80000019,5.39901686,5.30000019,6.122684,6.5,6.9000001,7,8.42765236,9.34840965,9.30000019,10.8849087,11.3565283,11.7355556,11.7355556
Belgium,100,100,100,100,100,100,100,100,100,100,100,100,100,100,100,100,100,100,100,100,100,100,100,100,100,100,100,100,100,100,100,100
Benin,,,,,,,14.5,18.5896263,19.5782547,20.5620422,21.5310841,21.8999996,23.4159279,24.3493233,25.2798328,26.2098045,27.8999996,28.0780163,29.0216141,29.9751511,34.2000008,36.9000015,38.4000015,34.6912193,34.0999985,29.6200008,37.0952454,34.5,39.2469177,40.3286896,41.4109573,41.4109573
Burkina Faso,,,,6.1,6.12501001,6.62533283,7.12293625,7.61713982,8.10726452,6.9,9.07501984,9.52135181,9.96009922,11.3999996,10.8242388,11.2543278,11.6862898,12.1227732,12.5664883,12.6300001,13.1000004,14.8084145,15.1179943,15.4056425,19.2000008,16.0769749,16.6410561,17.2140427,14.3999996,18.374855,18.9572392,18.9572392
Bangladesh,,14.29,9.90541935,12.7178802,17.8,18.3380451,21.1443863,22.4,26.7461929,29.5402145,32,35.0326462,37.8510704,40.6642609,40.5999985,44.2299995,50.5251007,46.5,54.7355156,57.5688477,55.2599983,59.5999985,66.155571,61.5,62.4000015,74.9037399,75.9199982,88,91.8000031,92.1999969,96.1999969,96.1999969
Bulgaria,100,100,100,100,100,100,100,100,100,100,100,100,100,100,100,100,100,100,100,100,100,100,100,100,100,100,100,100,100,100,99.6999969,99.6999969
Bahrain,99.9413986,99.967392,99.9871826,99.997139,99.9997711,100,100,100,100,100,100,100,100,100,100,100,100,100,100,100,100,100,100,100,100,100,100,100,100,100,100,100
"Bahamas, The",100,100,100,100,100,100,100,100,100,100,100,100,100,100,100,100,100,100,100,100,100,100,100,100,100,100,100,100,100,100,100,100
Bosnia and Herzegovina,100,100,100,100,100,100,100,100,100,100,100,99.4000015,98.5,100,100,100,99.3872757,99.6999969,100,100,100,99.70578,100,99.5,100,99.6999969,100,100,100,100,100,100
Belarus,100,100,100,100,100,100,100,100,100,100,100,100,100,100,100,100,100,100,100,100,100,100,100,100,100,100,100,100,100,100,100,100
Belize,,67,72.2249146,73.1233292,74.0203857,74.9153976,75.8076935,76.6965866,77.5814056,78.46138,79,80.1969604,81.0294189,81.856636,82.6809769,83.504776,90.988533,85.1606369,85.9980621,86.8454285,89.9172211,91.6817322,90.9959183,91.1861038,91.3642578,91.8000031,93.2223129,94.1890106,91.7200012,92.7200012,97.1133347,97.1133347
Bermuda,100,100,100,100,100,100,100,100,100,100,100,100,100,100,100,100,100,100,100,100,100,100,100,100,100,100,100,100,100,100,100,100
Bolivia,,,60.0279007,61.3840294,64.1,64.0915298,71,67.330431,71.2,70.929888,69.9630432,69.2585373,63.9968567,72.3000031,75.9453049,68.288208,76.2112808,80.1565704,84.6749878,86.7655945,87.8863144,88.3359451,90.3873749,89.5056839,90.0387268,91.5228195,91.8000031,91.8000031,92.8000031,95.0800018,97.5541229,97.5541229
Brazil,87.475116,90.6065445,88.803833,89.999927,91.883728,91.728598,92.867095,93.354139,94.193812,94.76296,94.391716,96.0165253,96.6529922,96.9800949,96.7651062,97.0935135,97.5943146,98.1253815,98.5266266,98.8569412,98.5999985,99.3286896,99.5194931,99.5751495,99.6502457,99.7108994,99.6999969,99.8000031,99.6999969,99.8000031,100,100
Barbados,99.9842529,99.9934387,99.9986877,100,100,100,100,100,100,100,100,100,100,100,99.9967422,99.9804535,100,100,100,100,100,100,100,100,100,100,100,100,100,100,100,100
Brunei Darussalam,100,100,100,100,100,100,100,100,100,100,100,100,100,100,100,100,100,100,100,100,100,100,100,100,100,100,100,100,100,100,100,100
Bhutan,,,,,,,,,,,31.1499996,40.0451317,43.978878,41.0999985,51.8330116,59.8081131,59.6850548,71.8000031,67.5552521,71.5038986,73.2829132,81.7670898,91.5,87.4511414,91.4835129,95.5307159,99.5897903,97.6999969,99.9743652,100,100,100
Botswana,,10.1,9.39822674,11.6420765,13.8845663,16.1250172,18.3627472,20.5970783,22.8273296,25.0527401,26.4089794,24.7999992,27,33.083107,35.298912,37.5141792,39.7313194,41.95298,44.5,43.3600006,52.0177803,53.2400017,56.0188141,57.9919205,59.9529953,62.1300011,64.1750565,67.4000015,68.2292633,69.9597397,71.9947586,71.9947586
Central African Republic,,,,,,3,3.33491564,3.83021021,4.32142544,4.80779839,6,5.73605204,6.17705393,6.61282015,7.04570055,7.47804451,7.80516911,8.35099792,7.48000002,9.25287533,9.80000019,10.2466478,10.8688612,11.469141,12.0573969,12.7270298,13.5338163,14.2995415,14.8423758,14.3000002,15.4650841,15.4650841
Canada,100,100,100,100,100,100,100,100,100,100,100,100,100,100,100,100,100,100,100,100,100,100,100,100,100,100,100,100,100,100,100,100
Central Europe and the Baltics,100,100,100,100,100,100,100,100,100,100,100,100,100,100,100,100,100,100,100,100,100,100,100,100,100,100,99.8278344,100,100,100,99.9796416,99.9796416
Switzerland,100,100,100,100,100,100,100,100,100,100,100,100,100,100,100,100,100,100,100,100,100,100,100,100,100,100,100,100,100,100,100,100
Channel Islands,100,100,100,100,100,100,100,100,100,100,100,100,100,100,100,100,100,100,100,100,100,100,100,100,100,100,100,100,100,100,100,100
Chile,92.257427,94.7816238,94.560057,95.2737274,95.518074,95.7603836,95.617315,96.2361679,97.241124,96.695549,97.9386902,97.1158066,97.2836838,98.7823257,97.6060867,97.7653122,99.3681107,98.0920181,98.2648697,99.5936584,99.5383911,99.5881958,100,99.5999985,100,99.7148438,100,99.6999969,100,100,100,100
China,,,,,,,,,,,97.0217972,97.272789,97.5162048,97.7543793,97.9896698,98.2244263,98.4610519,98.7022018,98.9505768,99.2089005,99.6999969,99.8487244,99.9619293,99.9964447,100,100,100,100,100,100,100,100
Cote d'Ivoire,,,,,36.5,43.6312523,44.6482124,45.6617699,46.6712456,48.2,48.6894684,49.6558571,51.4000015,51.5682335,52.5189171,58.9000015,60.171051,55.3776245,60.2999992,57.3151054,58.3014679,55.7999992,55.7999992,61.3625908,61.9000015,62.5999985,64.3000031,65.5999985,67.1473923,68.4595566,69.6791229,69.6791229
Cameroon,,29,32.697525,33.8491936,34.9995041,36.1477737,37.2933235,38.4354744,40.7,40.7067757,41,46.2000008,44.0404015,45.1230125,47.0999985,47.2819328,49,48.2000008,50.5413971,51.6441536,52.7595558,53.7000008,55.0391541,56.2078133,56.7999992,58.5955925,59.8087769,61.0308647,62.2000008,63.4898796,64.7213669,64.7213669
"Congo, Dem. Rep.",,,,,,,,,,,6.69999981,7.31436443,7.91584492,8.51208973,9.10544872,6,10.2929649,15.1999998,11.4986277,12.115015,12.744051,13.3884449,15.3999996,14.7332001,13.5,16.148243,17.0418377,17.9165096,18.5682907,19.1000004,19.1000004,19.1000004
"Congo, Rep.",,,,,,,,,,,29.0900154,30.063591,31.029583,31.9903374,32.9482079,33.7999992,34.8647461,35.8284721,36.7994308,37.0999985,39.78862,40.7216911,41.5999985,42.543972,43.4321213,44.4016495,45.5083275,46.5739479,47.4166756,48.4074745,49.5171013,49.5171013
Colombia,89.9,91.8366547,92.1326599,92.4279938,92.721962,91.2,93.3031006,93.588913,93.8706436,94.1475296,95.1999969,98.4700012,94.9055023,95.1293488,95.3503113,96.8000031,95.7930298,96.0198441,96.8067627,96.0572281,96.7889938,96.6936035,97.0321732,97.7794189,97.7909393,98.1868973,98.4000015,98.5,98.5,99.7559204,100,100
Comoros,,,,,,,28.9,32.762413,35.0945282,37.4218025,39.7153549,42.0186653,44.7999992,46.6048813,48.8924866,51.179554,53.4684944,55.7619553,58.0626488,60.3732834,69.8077087,69.4258041,69.3000031,69.7684479,72.162796,74.5719833,76.993042,79.4230042,81.8589096,84.2977753,86.7371368,86.7371368
Cabo Verde,,,,,,,,,,,58.4223289,60.1615181,58.5999985,63.6194992,65.3429871,67,68.7907562,70.5201035,72.2566757,74.0031891,81.0999985,82.3562469,83.3587646,84.3393478,85.3079071,86.3578415,87.5449295,88.6909637,90.4117508,91.4000015,94.1617432,94.1617432
Costa Rica,,,,,,,,,,,96.9400024,98.2497787,98.5091858,98.6959,98.9547806,99.0530548,99.147522,99.2179947,99.2639389,99.4098053,98.9957352,99.2323456,99.5032959,99.5635147,99.3592911,99.4098053,99.5,99.5999985,99.6999969,99.7099991,99.9000015,99.9000015
Caribbean small states,,,,80.3820751,80.6594512,81.3447257,84.6644038,82.7022363,83.286394,85.9531813,86.9206179,89.5546979,89.4008038,89.4971105,89.9738878,90.3930983,90.8634426,91.8233353,92.9673042,92.2857014,93.4964066,93.5096354,94.4994301,94.9716957,94.8931689,95.7360897,96.7358352,97.3315487,97.6930736,98.207484,98.7951757,98.7951757
Cuba,,,,,,,,,,,97,96.2262573,95.5,96.513031,96.6509094,96.7882538,96.927475,97.0712128,97.2221832,97.3830948,97.5566483,97.7455673,97.9525528,98.1793671,98.4239883,98.6834564,98.9547882,99.2350311,99.5212097,99.8000031,100,100
Curacao,100,100,100,100,100,100,100,100,100,100,100,100,100,100,100,100,100,99.997406,99.9841156,99.9549026,100,100,100,100,100,100,100,100,100,100,100,100
Cayman Islands,99.8469238,99.8788147,99.9102402,100,100,100,100,100,100,100,100,100,100,100,100,100,100,100,100,100,100,100,100,100,100,100,100,100,100,100,100,100
Cyprus,100,100,100,100,100,100,100,100,100,100,100,100,100,100,100,100,100,100,100,100,100,100,100,100,100,100,100,100,100,100,100,100
Czechia,100,100,100,100,100,100,100,100,100,100,100,100,100,100,100,100,100,100,100,100,100,100,100,100,100,100,100,100,100,100,100,100
Germany,100,100,100,100,100,100,100,100,100,100,100,100,100,100,100,100,100,100,100,100,100,100,100,100,100,100,100,100,100,100,100,100
Djibouti,,,,,,,62,56.2944946,56.3222542,56.3451691,56.3799515,56.3651428,49.7000008,56.3151169,56.2845993,56.2535477,55.5,56.199707,56.1822777,56.1747894,56.1799507,56.20047,54.5999985,56.2974739,56.6188393,57.5785637,58.6754456,60.2000008,60.5641861,61.2119293,61.7670822,61.7670822
Dominica,,,,,,,,,75,79.6219177,80.9518127,82.279213,87.6999969,84.91362,86.2253113,87.5364761,88.8495102,90.1670609,90.9000015,92.8265686,94.1739426,95.5366745,96.9174805,98.3181076,99.7365494,99.8290176,99.9835358,100,100,100,100,100
Denmark,100,100,100,100,100,100,100,100,100,100,100,100,100,100,100,100,100,100,100,100,100,100,100,100,100,100,100,100,100,100,100,100
Dominican Republic,,78.2,82.485405,83.2554932,84.0242233,84.7909088,85.5548782,86.3154449,87.0719376,91,88.7649307,89.7913589,89.7498169,89.1738052,90.3165665,90.1412277,90.1181488,96.8763428,97.5761948,97.8577576,98.1454163,97.8988724,97.8670502,98.3858566,98.4709778,98.5603638,98.9000015,100,98.9000015,99,100,100
Algeria,,,,,,,,,,,98.9730988,98.9668732,98.9530563,98.9340134,98.9120789,98.8896103,98.8690109,98.8529358,99.3000031,98.8451843,98.8589325,98.888031,98.7646637,99.0022049,99.0870132,99.1866608,99.3502502,99.6354904,99.6978378,99.5,99.8041306,99.8041306
East Asia & Pacific (excluding high income),,,,,,,,,,,91.3557181,91.9114689,92.4431441,92.6611227,93.5762419,93.1615309,94.2837037,94.361463,94.8406129,94.6369008,95.0577321,95.7231508,96.0093052,96.2393644,96.3841684,96.7908418,96.9048288,97.6225196,97.6463904,97.8499745,97.8026689,97.8026689
Early-demographic dividend,,,,55.7968255,56.5312654,58.2868021,60.0074118,61.9735359,63.5191411,66.2102288,66.7298221,65.4986336,68.9627441,70.0367584,70.8246711,71.846304,73.3116897,74.6939983,76.2941606,77.657717,78.3411249,75.1658618,81.0462572,82.2142152,83.0640651,85.6762437,86.9785373,89.3281233,91.0541199,92.2015197,93.3316617,93.3316617
East Asia & Pacific,,,,,,,,,,,92.2575094,92.7522161,93.225525,93.4176405,94.2353429,93.8597511,94.865343,94.9338567,95.3634586,95.172709,95.5499722,96.147363,96.4032507,96.6087382,96.7378013,97.1034674,97.205242,97.8522786,97.8730821,98.0564973,98.0129197,98.0129197
Europe & Central Asia (excluding high income),100,,,,,99.9938325,99.921551,99.9052455,99.9104794,99.6574667,99.8815161,99.8889776,99.9076604,99.9334926,99.9018712,99.8796631,99.8723073,99.8848979,99.9056685,99.9138197,99.939365,99.9242338,99.9556206,99.9466513,99.9599657,98.2757972,99.9747031,99.9801878,99.9811035,99.9843802,99.9891957,99.9891957
Europe & Central Asia,100,100,100,100,100,99.9978743,99.971494,99.9652799,99.9672848,99.8713553,99.9492337,99.9524807,99.9605416,99.971633,99.9582175,99.9488419,99.9457818,99.9511704,99.9599868,99.9634166,99.9741475,99.9676754,99.9809799,99.9770917,99.9827722,99.2563097,99.9696318,99.9914231,99.9918338,99.9932244,99.9953207,99.9953207
Ecuador,,,,,,89.830167,92.0513763,92.4298172,92.726642,93.071434,93.7322617,94.0246201,94.3093872,94.9730453,94.8655701,95.8326492,96.3152618,96.8126144,97.2065735,96.4708633,97.4621429,96.8726959,97.194931,98.0346756,98.9760666,98.825882,98.6999969,99.1999969,98.6999969,99.0899963,98.8499985,98.8499985
"Egypt, Arab Rep.",,,93.4,95.3922424,95.6485367,95.5,96.1543274,96.4024658,96.6465225,96.8857346,97.6999969,97.3440781,97.5361786,98.8000031,97.9070282,99.4000015,99.0400009,98.4656296,99.8000031,98.8697128,99.3945541,99.4521637,99.6999969,99.8503876,99.8000031,99.3000031,100,100,100,100,100,100
Euro area,100,100,100,100,100,100,100,100,100,100,100,100,100,100,100,100,100,100,100,100,100,100,100,100,100,100,100,100,100,100,100,100
Eritrea,,,,,,22.9,24.7554474,25.8746109,26.9896946,28.0999355,29.2545109,30.352562,32.2000008,32.5282593,33.6106033,34.6924095,35.7760925,36.8642921,37.9597244,39.0650978,40.1831207,41.3165016,42.4679489,43.6392288,44.8283119,46.0322418,47.2480392,48.472744,49.7033844,50.9369926,52.1710968,52.1710968
Spain,100,100,100,100,100,100,100,100,100,100,100,100,100,100,100,100,100,100,100,100,100,100,100,100,100,100,100,100,100,100,100,100
Estonia,100,100,100,100,100,100,100,100,100,100,100,100,100,100,100,100,100,100,100,100,100,100,100,100,100,100,100,100,100,100,100,100
Ethiopia,,,,,,,,,,,12.6999998,10.1624908,11.8548336,13.5419407,15.226162,14,18.5954037,20.2854805,21.98279,23.6900387,25.4099369,23,28.8985195,30.6716728,27.2000008,29,42.9000015,44.2999992,44.9406013,48.063591,51.0939827,51.0939827
European Union,100,100,100,100,100,100,100,100,100,100,100,100,100,100,100,100,100,100,100,100,100,100,100,100,100,100,99.9601988,100,100,100,99.9953534,99.9953534
Fragile and conflict affected situations,,,,,,,,,,,40.511873,40.9731904,41.5524008,43.3376828,42.697071,42.7911312,43.7140839,45.0134044,44.8709941,45.6735724,46.2221274,48.0932518,49.3210567,50.8450474,50.2964199,50.317422,54.5473376,54.9107801,55.00631,55.8523636,56.5277797,56.5277797
Finland,100,100,100,100,100,100,100,100,100,100,100,100,100,100,100,100,100,100,100,100,100,100,100,100,100,100,100,100,100,100,100,100
Fiji,,,,,,,66.9,71.7715149,73.0895844,74.4028168,75.7249222,77.000679,79.6299973,80,80.7918396,82.0513535,83.3127365,88.9000015,86.1600037,87.1348648,89.2485809,90.1461258,91.0708313,91.75,93.7866058,95.1682434,96.5617447,96,99.3725052,99.7158813,100,100
France,100,100,100,100,100,100,100,100,100,100,100,100,100,100,100,100,100,100,100,100,100,100,100,100,100,100,100,100,100,100,100,100
Faroe Islands,100,100,100,100,100,100,100,100,100,100,100,100,100,100,100,100,100,100,100,100,100,100,100,100,100,100,100,100,100,100,100,100
"Micronesia, Fed. Sts.",,,,,,,,,,,46,48.3374672,50.1000328,51.8573647,53.6118088,55.3657188,57.1214981,58.8818016,60.649334,62.4268074,64.531517,66.5939865,68.4323654,70.2488174,72.0532455,73.9390564,75.9620132,77.9439087,79.7029114,81.2767334,82.9259186,82.9259186
Gabon,,,,,,,,,,,73.5999985,77.1408005,77.8424377,78.5388412,79.2323532,81.5999985,80.6201782,81.3195496,82.0261536,82.7426987,89.4617233,88.8595657,89.3000031,86.4000015,86.9643097,87.3768616,88.2038269,86.2699966,89.8815155,90.7262955,91.5715637,91.5715637
United Kingdom,100,100,100,100,100,100,100,100,100,100,100,100,100,100,100,100,100,100,100,100,100,100,100,100,100,100,100,100,100,100,100,100
Georgia,,,,,,,,,,,99.8118134,99.8053284,99.9000015,100,99.9300003,97.935051,100,100,100,100,100,100,100,100,100,100,100,100,99.9000015,100,100,100
Ghana,,,,30.6,30.3694057,32.4504509,34.5287704,36.6036949,42.6,40.7405396,43.7000008,44.837513,46.8580704,48.2999992,50.8858299,41.25,55.0934486,56.9297943,60.5,60.9907799,64.1999969,64.062561,56.5099983,70.6999969,78.3000031,74.0788422,79.3000031,79,80.4000015,83.5,85.8735504,85.8735504
Gibraltar,100,100,100,100,100,100,100,100,100,100,100,100,100,100,100,100,100,100,100,100,100,100,100,100,100,100,100,100,100,100,100,100
Guinea,,,,,,,,,,16.4,15.1462574,16.4323845,17.7109261,18.9842319,20.254652,20.2000008,22.7962914,24.0725689,25.3560772,26.6495266,27.9556236,29.2770805,26.2000008,31.9759579,33.3531189,34.745121,33.5,35.4000015,45,42.2000008,44.6686783,44.6686783
"Gambia, The",,,,17.7,18.2500496,19.9214439,21.5901184,23.2553921,24.9165878,26.5729408,34.2999992,29.8700199,31.5175648,27.7999992,34.7993011,30.4562683,38.0789452,39.7242279,41.3767395,43.0391922,46.6552773,48.2470856,49.8279305,51.5,52.9337273,54.5619888,56.3274078,56.2000008,60.2999992,62.0999985,62.2730675,62.2730675
Guinea-Bissau,,,,,,,,,,,,,1.25370574,2.59146237,3.92633271,5.26066637,14.5361996,7.93760061,9.28555965,4.69999981,6,13.3999119,14.8038855,16.2276897,17.2000008,20.053154,22.968792,26,28.4950562,30.9615574,33.3354683,33.3354683
Equatorial Guinea,,,,,,,,,,,65.5595627,65.5711899,65.5752335,65.5740433,65.5699692,65.5653534,65.5626144,65.5643921,65.57341,65.5923615,66.1572647,66.0999985,65.7359467,65.8208084,65.9234695,66.0409775,66.1703568,66.3086395,66.452858,66.6000443,66.7477264,66.7477264
Greece,100,100,100,100,100,100,100,100,100,100,100,100,100,100,100,100,100,100,100,100,100,100,100,100,100,100,100,100,100,100,100,100
Grenada,,,,,,,,,85.04,85.5294647,86.0422287,86.3716583,86.693512,87.0101242,87.3238449,87.6370392,87.9521027,88.2716827,90,88.935257,89.2846603,88.8000031,90.0322495,90.434906,90.8553772,91.2906876,91.7378693,92.1939545,92.3000031,93.1209641,93.5864487,93.5864487
Greenland,100,100,100,100,100,100,100,100,100,100,100,100,100,100,100,100,100,100,100,100,100,100,100,100,100,100,100,100,100,100,100,100
Guatemala,,,,,,60.8,67.6799393,68.9040756,70.1241302,70.9,73.3182068,73.7327271,78.6678391,78.512207,77.228241,78.3892059,83.7309952,80.7194061,81.8939972,83.0785294,84.2757111,84.026413,86.7188568,87.9692917,85.4943695,90.5206223,91.8155823,93.3000031,94.4292374,95.7420044,97.0552673,97.0552673
Guam,99.8443069,99.8758163,99.906868,99.9372559,99.9650803,100,100,100,100,100,100,100,100,100,100,100,100,100,100,100,100,100,100,100,100,100,100,100,100,100,100,100
Guyana,,,,72.376631,70.7139816,71.3519821,71.9872665,72.6191559,73.2469559,73.8699188,74.5172806,75.1007385,75.6766129,76.2472534,76.8150101,77.5,73.3825912,78.5249252,79.1057663,77.5999985,83.091629,84.0845413,85.0664825,86.0264893,86.9000015,88.0038376,89.1703568,90.2958145,91.1983795,91.9157562,92.5405426,92.5405426
High income,99.8179426,99.859429,99.8470877,99.8592447,99.8641237,99.8694598,99.8659062,99.8790688,99.8948903,99.8888956,99.8994807,99.8949698,99.899562,99.936893,99.907826,99.9117559,99.9414356,99.9249961,99.9296639,99.9506847,99.9490145,99.9558678,99.9656048,99.9572756,99.9708037,99.9692083,99.9584766,99.9713654,99.9819317,99.9851104,99.9883529,99.9883529
"Hong Kong SAR, China",100,100,100,100,100,100,100,100,100,100,100,100,100,100,100,100,100,100,100,100,100,100,100,100,100,100,100,100,100,100,100,100
Honduras,,54.781937,58.913112,61.100156,64.733947,66.122022,61.68112,64.794754,66.859519,67.394103,67.3833542,64.1999969,63.1411362,65.0904617,67.1135254,68.9033127,71.266449,73.5481873,76.3968964,78.2696838,80.9846649,82.1952972,83.6077271,87.1848831,88.6537704,89.9817123,91.5999985,86.5,91.5999985,91.0999985,93.2067108,93.2067108
Heavily indebted poor countries (HIPC),,,,,,,,,,21.8600053,17.7577478,18.5229321,19.2451635,20.7362849,21.81328,21.5262824,24.164511,25.7336708,25.8240153,26.9520518,28.7189401,29.2039212,31.9271994,32.8428397,35.3668768,35.3528964,40.5549553,41.454869,44.0782145,44.8714465,46.4506297,46.4506297
Croatia,100,100,100,100,100,100,100,100,100,100,100,100,100,100,100,100,100,100,100,100,100,100,100,100,100,100,100,100,100,100,100,100
Haiti,,,,,,31.3,30.0130177,30.5570374,31.0969753,31.6320724,33.7000008,31.5423813,33.1524734,31.6000004,34.1108131,34.5880051,33.9000015,35.5506516,36.0414658,36.5422211,37.0556221,37.5843849,37.9000015,38.697876,39.4964104,40.8362846,40.4000015,43.7492714,44.9623451,45.9902344,46.9255333,46.9255333
Hungary,100,100,100,100,100,100,100,100,100,100,100,100,100,100,100,100,100,100,100,100,100,100,100,100,100,100,100,100,100,100,100,100
IBRD only,,,,,,,,,,,84.3003629,83.7251049,85.8129309,86.3871584,86.894733,87.6014064,88.339235,89.1281544,89.9466777,90.760348,91.4498059,89.1810396,92.7765246,93.4753165,94.0445563,95.2017107,95.7646809,96.7134578,97.7747847,98.310845,98.7761637,98.7761637
IDA & IBRD total,,,,,,,,,,,73.8724801,73.4907763,75.2581704,75.9885421,76.2632286,76.8732145,77.7398474,78.342403,79.102545,79.7987962,80.2410943,78.992967,82.0459615,82.653123,83.1436049,84.3071446,85.5887868,86.6531464,87.8043656,88.3341369,88.9339842,88.9339842
IDA total,,,,,,,,,36.9906261,38.3394447,35.3597797,36.1838486,37.3477385,39.1427852,39.0806537,39.8337438,41.8596436,42.4303984,43.4715805,44.2556874,44.4469167,46.8554114,48.6463351,49.3310635,49.9331359,51.4810561,55.2927372,57.080265,58.8626501,59.8254748,61.2199358,61.2199358
IDA blend,,,,,,,,,54.5317964,55.7480534,54.9096587,55.6188357,55.9516268,58.2959423,56.9346677,57.3652423,57.7220082,58.8699176,59.2292369,58.5034971,57.5148349,61.9486425,61.4990665,62.4916624,61.4680754,61.6155128,65.4678673,63.851835,65.95552,66.9892236,67.856397,67.856397
Indonesia,,48.9,66.6965637,55.43,62.8,66.86,72.39,80.3,80.94,83.73,86.3000031,86.2600021,87.5999985,87.9400024,89.0100021,85.0383224,90.6200027,91.0999985,92.7300034,93.5500031,94.1500015,94.8300018,96,96.4642563,97.0100021,97.5373688,97.6200027,98.1399994,98.5100021,98.8499985,96.9499969,96.9499969
IDA only,,,,,,,,,23.7489677,25.5663308,25.1742186,26.0210066,27.6390923,29.1647904,29.7822817,30.7059362,33.6839892,33.9920176,35.373585,36.9208646,37.7185404,39.0606201,42.0252617,42.5572397,44.0037264,46.284265,50.0953969,53.6345539,55.2588725,56.2034417,57.8689372,57.8689372
Isle of Man,100,100,100,100,100,100,100,100,100,100,100,100,100,100,100,100,100,100,100,100,100,100,100,100,100,100,100,100,100,100,100,100
India,,,,50.9,49.8113098,51.4087753,53.003521,54.5948639,56.1821327,60.1,58.7214737,55.7999992,62.2999992,64.0474854,64.4000015,67.5798111,67.9000015,71.1198654,72.8993835,75,76.3000031,67.5999985,79.9000015,81.9993286,83.8724976,88,89.2177963,92.1249466,95.6999969,97.3082657,99,99
Not classified,,,,,,,,,,,,,,,,,,,,,,,,,,,,,,,,
Ireland,100,100,100,100,100,100,100,100,100,100,100,100,100,100,100,100,100,100,100,100,100,100,100,100,100,100,100,100,100,100,100,100
"Iran, Islamic Rep.",,,,,,,,,,,97.9000015,98.129303,98.2332764,98.3320236,98.4278793,98.5231934,98.4000015,98.7220993,98.8310471,99.7099991,99.4910431,99.5726471,99.64328,99.8300018,100,99.9599991,99.9499969,99.9400024,100,100,100,100
Iraq,,,,,,,,,,,96.9216766,97.0627975,97.1963348,97.3246307,97.4500427,97.5749207,97.6221085,98.0999985,97.9714355,98.1198807,98.2809677,98,99.3000031,98.8662796,99.0984344,99.3454285,99.6043015,99.8720703,99.9000015,99.9920044,100,100
Iceland,100,100,100,100,100,100,100,100,100,100,100,100,100,100,100,100,100,100,100,100,100,100,100,100,100,100,100,100,100,100,100,100
Israel,100,100,100,100,100,100,100,100,100,100,100,100,100,100,100,100,100,100,100,100,100,100,100,100,100,100,100,100,100,100,100,100
Italy,100,100,100,100,100,100,100,100,100,100,100,100,100,100,100,100,100,100,100,100,100,100,100,100,100,100,100,100,100,100,100,100
Jamaica,70.334586,77.2288666,78.0329208,78.8362961,79.6383133,80.4382935,85.706045,82.0294037,82.8191757,84.554112,84.3941345,87.7081146,86.6812897,86.6085663,87.3378067,88.0665054,88.797081,89.5321808,92,91.0267792,92.1999969,91.0999985,93.0999985,93.9000015,93.3000031,94.9000015,96.7379837,97.609581,98.4871216,99.3676224,100,100
Jordan,96.8,97.8546829,97.9748611,98.0943604,98.2125015,98.328598,98.4419785,98.9,98.6578522,98.7589111,98.9342728,98.9780655,99.5,99.0452499,99.173439,99.1008911,100,98.8000031,100,99.4000015,100,99.6515656,99.5,99.7014389,99.748497,99.8981705,99.9588242,100,99.9000015,100,99.9000015,99.9000015
Japan,100,100,100,100,100,100,100,100,100,100,100,100,100,100,100,100,100,100,100,100,100,100,100,100,100,100,100,100,100,100,100,100
Kazakhstan,,,,,,99.9,99.1921158,99.2694702,99.3427505,97,99.5095596,99.6500015,99.8099976,99.9199982,99.9599991,100,99.7665482,100,100,100,100,99.7974701,100,100,100,100,100,100,100,100,100,100
Kenya,,,,10.9,3.47343683,5.42734337,7.3785305,9.32631779,14.5,13.2088919,15.1311712,17.0330849,18.9274139,16,22.7027149,24.5883865,26.4759293,28.3679943,30.2672901,23,19.2000008,36.035656,37.9909668,39.9661064,36,41.5999985,53.0999985,55.9764099,61.2845726,69.6999969,71.4379425,71.4379425
Kyrgyz Republic,,,,,,,,99.8,99.5538254,99.5655823,99.6102448,99.5810089,100,99.502121,99.4571838,99.4423065,98.8899994,99.5400009,99.5100021,99.5,99,98.3199997,99.8000031,98.9300003,99.8000031,98.6900024,99.7099991,100,100,99.8742371,99.9810486,99.9810486
Cambodia,,,,,,,,,18.67,8.82003689,16.6000004,14.6247778,18.1870995,19.2999992,25.2983837,20.5,32.4075813,35.9676361,26.3999996,43.1121521,31.1000004,50.3072624,53.9305649,57.5736961,56.0999985,64.9104233,69.5443115,89.0699997,81.0756531,84,86.4000015,86.4000015
Kiribati,,,,,,,,,,,55.124897,56.9190254,58.7055664,60.4868774,62.2652969,69.6764069,68.8000031,67.6072235,69.3987274,64.1900024,63.1677361,74.8437347,76.6912613,78.9310608,83.453949,90.5581818,92.799614,86.176445,88.1031647,90.0328522,91.963028,91.963028
St. Kitts and Nevis,91.3068161,91.6711731,92.0354309,92.3990021,92.7612076,93.1213837,93.4788361,93.8328857,94.1828613,94.5279922,95.2815399,93.5299988,95.8031845,96.054985,96.303894,96.552269,96.8025208,97.0572891,97.3192902,97.5912247,99.8433914,100,100,100,100,100,100,100,100,100,100,100
"Korea, Rep.",99.882843,99.912674,99.942215,99.9694366,99.9891205,100,100,100,100,100,100,100,100,100,100,100,100,100,100,100,100,100,100,100,100,100,100,100,100,100,100,100
Kuwait,100,100,100,100,100,100,100,100,100,100,100,100,100,100,100,100,100,100,100,100,100,100,100,100,100,100,100,100,100,100,100,100
Latin America & Caribbean (excluding high income),,,87.8597449,88.4918836,89.4866314,87.6890848,88.7889898,89.2521525,89.9194404,90.5858987,91.0887319,91.7310682,92.0625016,92.2966755,92.7239454,93.0903835,93.7958166,94.1072305,94.9107539,95.0283961,95.5517271,95.9167774,96.2986086,96.6227409,96.7653747,97.0491226,97.2923011,97.5838167,97.6082721,97.9219482,98.3850972,98.3850972
Lao PDR,,,,31,25.605793,25,31.2476997,34.0638962,36.8760109,39.6832848,42.4961395,45.2667084,46.2999992,48,53.5423088,57.2000008,57.0410576,54.9599991,66,67.3593979,70.1499405,70,76.3666306,79.5762558,83.1340408,89.6999969,90.54953,93.5999985,97.7971573,99.0920868,100,100
Lebanon,,,,,,,,,,,99.351593,99.3465652,99.3339539,99.3161087,99.9000015,99.2741089,99.3838196,97.8000031,99.9000015,99.2344894,99.474411,99.6840134,99.5067596,99.4955139,99.4823227,99.5831757,99.7256241,99.8798294,99.6999969,99.9748688,100,100
Liberia,,,,,,,,,,,,,,,,,,3,1.2792896,1.89999998,5.16266441,4.0999999,9.10747242,9.80000019,9.39999962,15.1617355,17.7000008,24.2000008,22.8791332,23.1000004,27.5347099,27.5347099
Libya,,,,,,,,,,,99.8000031,97.1470566,95.4233704,93.6944427,91.9626389,90.2302856,88.4998169,86.7738647,85.0551376,83.3463593,81.6502228,79.9694519,78.3067474,76.6638718,75.0388031,73.4285736,71.8302231,70.2407684,67,68.6424026,69.7073517,69.7073517
St. Lucia,,,,,,,,,,,89.3874359,89.9000015,90.3582916,90.8346939,91.3082123,91.781189,92.2560425,92.7354202,93.222023,93.7185669,94.1999969,94.7525177,95.3434219,95.8573837,96.4376373,97.0327377,97.6397095,98.279808,98.8773956,99.502182,100,100
Latin America & Caribbean,,,88.7143228,89.3182249,90.2230829,88.5995058,89.5579088,90.0158644,90.6368873,91.2475877,91.7257407,92.3422288,92.6460732,92.7391201,93.2269851,93.5536,94.2686513,94.496909,95.230451,95.3797498,95.8527759,96.184007,96.5643399,96.8423279,97.0328118,97.2850339,97.4871915,97.7335954,97.8026986,98.0919354,98.5165341,98.5165341
Least developed countries: UN classification,,,,,,,,,,,20.0791374,20.8950063,22.8958397,24.3794399,24.9861511,26.1526238,28.7935408,29.5158038,30.7868357,32.4078137,32.9811098,34.6864402,38.1247914,38.2514144,39.473263,42.4135635,46.329067,50.2239684,52.0657846,52.8263748,54.6097983,54.6097983
Low income,,,,,,,,,,,12.0747919,12.72683,13.61375,15.1885895,16.1770947,16.0368586,17.9015855,19.8426489,19.7197236,21.5602546,22.9800524,23.6938139,27.3948965,27.5100732,29.4423647,29.4976678,35.0101572,36.3481138,39.1242666,39.7018236,41.3691647,41.3691647
Liechtenstein,100,100,100,100,100,100,100,100,100,100,100,100,100,100,100,100,100,100,100,100,100,100,100,100,100,100,100,100,100,100,100,100
Sri Lanka,,,,,,,,,,,70.2628021,63.5999985,80.6999969,74.9988174,76.5685806,78.1378098,82.0500031,80,82.8673935,87.0899963,85.3000031,87.7600021,87,90.1999969,92.6605148,94.3518677,97.5,97.5,99.5648727,99.7585678,100,100
Lower middle income,,,,49.9586597,50.6543319,52.1086543,54.0263289,56.9370597,59.2339764,61.8331888,62.5328332,61.4878305,65.0282332,66.4069754,66.8861002,68.228204,69.7371608,71.0052653,72.5941553,73.7985567,74.3554869,71.8961853,77.5502915,78.7365298,79.6279035,82.3540565,83.9040621,85.8271773,88.0182598,89.0285021,90.0862025,90.0862025
Low & middle income,,,,,,,,,,,73.3747944,72.9867527,74.7928758,75.5565009,75.8306052,76.4569723,77.3362828,77.9598242,78.7380092,79.215074,79.6832723,78.4332545,81.5381059,82.1693925,82.6742808,83.867141,85.1835245,86.2738921,87.4491268,87.9989431,88.6185231,88.6185231
Lesotho,,,,,,,,,,,4.25875998,1.25226927,3.36165857,5.46581268,6.80000019,9.66781139,9.69999981,13.8775406,15.9918966,17,17,22.4054413,20.5599995,26.7660141,27.7999992,31.6773338,35.0715904,33.7000008,47,44.5002098,47.3527374,47.3527374
Late-demographic dividend,,,,,,,,,,,95.6592709,96.2920387,96.6549406,96.8820165,97.1143581,97.5718333,98.2404972,97.9376268,98.2561046,97.8983788,98.3953441,98.6527793,98.7589865,98.9291579,98.9416529,98.8304127,99.1712775,99.2896319,99.3055731,99.3725089,99.4619552,99.4619552
Lithuania,100,100,100,100,100,100,100,100,100,100,100,100,100,100,100,100,100,100,100,100,100,100,100,100,100,100,100,100,100,100,100,100
Luxembourg,100,100,100,100,100,100,100,100,100,100,100,100,100,100,100,100,100,100,100,100,100,100,100,100,100,100,100,100,100,100,100,100
Latvia,100,100,100,100,100,100,100,100,100,100,100,100,100,100,100,100,100,100,100,100,100,100,100,100,100,100,100,100,100,100,100,100
"Macao SAR, China",99.8492813,99.8805847,99.9114304,99.9416199,100,100,100,100,100,100,100,100,100,100,100,100,100,100,100,100,100,100,100,100,100,100,100,100,100,100,100,100
St. Martin (French part),100,100,100,100,100,100,100,100,100,100,100,100,100,100,100,100,100,99.997406,99.9841156,99.9549026,100,100,100,100,100,100,100,100,100,100,100,100
Morocco,,,49.2,56.7726517,58.6088982,56.5,62.2745934,64.102684,65.9266891,67.7458572,69.5673828,71.3479004,73.1208344,74.8885269,78.1999969,78.4176178,96.5,81.9544296,83.7323303,85.5201645,92.6713791,93.446434,94.2105179,97.1999969,91.5999985,97.3000031,97.8000031,100,98.0999985,99.5999985,100,100
Monaco,100,100,100,100,100,100,100,100,100,100,100,100,100,100,100,100,100,100,100,100,100,100,100,100,100,100,100,100,100,100,100,100
Moldova,100,100,100,100,100,100,100,100,100,100,100,100,99,100,99.0999985,98.5999985,100,100,100,100,100,100,100,100,100,100,100,99.9800034,99.9899979,100,100,100
Madagascar,,,9.2,10.1056232,10.5616484,11.0156345,11.4669008,10.9,12.3585548,12.7975006,12.7241898,14.8000002,14.0465755,20.2999992,15.3480186,15.9967613,16.6473751,17.3025112,17.96488,17.3999996,12.3000002,14.3000002,18.7000008,12.8999996,22.2350731,23.0059338,22.8999996,24.1000004,36.5,31.0400009,33.7350769,33.7350769
Maldives,,,,,,,,,,,83.8000031,87.48629,88.3574982,89.223465,90.0865479,90.9490891,91.8135071,92.6824493,93.5586243,99.9000015,99.1568604,99.2772522,99.386673,99.4741669,100,99.7064743,100,99.8000031,100,100,100,100
Middle East & North Africa,,,,,,,,,,,92.4465067,92.662589,92.588885,93.4189377,93.334533,93.9833321,95.8552656,94.1634526,94.7435609,94.8429365,95.6589078,95.7082176,95.2740887,97.0165878,96.0139918,96.4531978,96.7584912,97.6268356,96.1589414,97.1274736,97.2380725,97.2380725
Mexico,,,93.145981,95.4484634,95.238294,95.8944626,96.093624,96.3295822,96.092755,96.7482986,98.0071335,97.1383209,97.8970871,97.400856,98.597702,98.9327316,99.1141586,97.9105682,98.9140396,98.1982117,99.2366943,99.0281525,99.1116333,99.1476974,99.1729279,99,99.5,100,99.5,99.5999985,99.4000015,99.4000015
Marshall Islands,,,,,,,,,,68.5242359,68.4779739,69.964325,71.4430923,72.916626,74.3872757,75.8573837,77.3293686,72.3000031,80.2896118,81.7832794,89.2338867,89.9196091,90.5608063,91.1968536,91.8208771,92.5262756,93.3688278,94.297348,95.9162903,97.5382004,99.1606064,99.1606064
Middle income,,,,,,,,,,,77.9656508,77.5522373,79.5502654,80.321772,80.6264557,81.4044316,82.3579136,83.0166604,83.9712168,84.7129565,85.1625471,83.7990767,87.004641,87.6638931,88.1492008,89.556045,90.531159,91.6341944,92.8441605,93.43365,94.0457719,94.0457719
North Macedonia,100,100,100,100,100,100,100,100,100,100,100,100,100,100,99.4199982,100,99,100,99.1999969,99.1999969,100,99.7261658,100,100,100,100,100,100,99.8000031,100,100,100
Mali,,,,,,,6.2,4.28854084,6.06686354,7.84034395,9.59319973,10.8000002,13.0597649,14.7840195,16.5053883,18.2262192,16.6000004,21.6761513,23.4106064,24.0308952,26.9120502,28.684454,25.6000004,32.2852287,34.1133385,37.5999985,38.7898216,34.7799988,50.9000015,47.836277,50.5614166,50.5614166
Malta,100,100,100,100,100,100,100,100,100,100,100,100,100,100,100,100,100,100,100,100,100,100,100,100,100,100,100,100,100,100,100,100
Myanmar,,,,,,,,,,,41.8337898,42.9418983,47,45.1377144,46.2301178,47.3219833,48.4157219,49.5139847,50.6194763,51.7349091,48.7999992,54.0064278,55.1679344,56.3492737,52,60.5,55.5999985,69.8148346,66.2272797,68.3585281,70.3971939,70.3971939
Middle East & North Africa (excluding high income),,,,,,,,,,,91.4583943,91.6958816,91.6050843,92.5392975,92.4391293,93.1633527,95.2732653,93.3126013,93.9478253,94.036351,94.9674424,95.0177049,94.506275,96.5281514,95.3591664,95.8681961,96.2295519,97.2373586,95.5158507,96.6458901,96.7809604,96.7809604
Montenegro,100,100,100,100,100,100,100,100,100,100,100,100,100,100,100,99.8302231,100,100,100,100,100,99,100,99.6999969,97.6999969,100,100,100,100,100,100,100
Mongolia,,,,,,,,,,,67.3000031,71.0765762,72.2844696,76.3000031,74.6868896,86.1999969,77.0872192,78.2928467,79.5056992,80.7285004,78.5020828,72.0570755,84.4836121,81.1999969,87.0788269,88.400177,89.8384094,92.5125656,98.0999985,97.2299118,98.0999985,98.0999985
Northern Mariana Islands,99.8532639,99.8843765,99.9150314,99.9449234,99.9716415,100,100,100,100,100,100,100,99.9876328,99.9618988,99.9228058,99.8775787,99.8331909,100,100,100,100,100,100,100,100,100,100,100,100,100,100,100
Mozambique,,,,,,,,6.6,3.66317558,4.87912369,6.09631109,5.69999981,8.44392109,8.10000038,10.7705898,11.9319448,13.0951719,12.3999996,13.5712242,15,18.8027363,20.2000008,21.2326069,22.4201279,24.7999992,24,26.246521,24.2999992,31.1000004,29.6744499,30.6038322,30.6038322
Mauritania,,,,,,,,,,,18.7461319,22.2000008,21.5032196,22.8727341,24.2393646,18.2000008,26.973423,33.0405388,30,31.1152859,33.9595146,35.1663208,36.3621597,37.5360641,38.7999992,39.5,41.3216171,42.9000015,44.3121376,45.8300323,47.3484192,47.3484192
Mauritius,99.0415649,99.0706787,99.099678,99.128006,99.1549683,99.1798859,99.202095,99.2208939,99.2356186,99.2455063,99,99.2647247,99.4000015,99.1855164,99.1404114,99.0947647,99.0509872,99.0117416,98.9797211,98.957634,99.6900024,99.5999985,99.5686188,99.4805069,99.3803711,99.3616104,99.480011,99.6100006,99.4488449,100,99.6616516,99.6616516
Malawi,,,3.2,1.55355585,2.01366138,2.47172713,2.92707348,3.37902021,3.82688761,4.26991272,4.80000019,5.13952017,5.53415966,6.19999981,6.9000001,6.69606304,3.65322733,7.47629213,7.87589836,8.28544426,8.69999981,7.5999999,7.4000001,9,11.8999996,10.8000002,11,12.6999998,18.0200005,11.1999998,14.8667688,14.8667688
Malaysia,,,,,,,,,,,99.1039734,99.1256714,99.1397858,99.1486588,99.1546555,99.1601105,99.1674347,99.1792831,99.1983643,99.3000031,99.374054,99.4654694,99.8000031,99.6044464,99.6509399,99.7788162,99.9000015,99.9524841,99.9922409,100,100,100
North America,100,100,100,100,100,100,100,100,100,100,100,100,100,100,100,100,100,100,100,100,100,100,100,100,100,100,100,100,100,100,100,100
Namibia,,,26.4,27,28.9325886,29.9521484,30.9689884,31.9824295,32.9917908,33.9963112,36.5,35.9668617,36.9254761,37.8788528,38.8293419,39.7792969,40.7311249,43.7000008,42.6510506,44.0999985,44.6107368,42.2999992,46.6318588,47.4000015,48.7285156,51.5999985,49.7000008,52.5,54.0028954,55.1770897,56.2586937,56.2586937
New Caledonia,99.8443069,99.8758163,99.906868,99.9372559,99.9650803,100,100,100,100,100,100,100,100,100,100,100,100,100,100,100,100,100,100,100,100,100,100,100,100,100,100,100
Niger,,,4.4,4.0121398,4.57177639,6.2,7,6.23572779,6.7,7.32568216,6.48148155,8.36194134,8.85894775,9.35071945,9.83960533,7.0999999,9.30000019,11.3129187,11.8148918,12.3268061,13.2774925,14.3000002,14.3999996,15.1700058,15.7705421,16.6000004,17.2715206,18.0495262,17.6000004,18.9745712,19.2519093,19.2519093
Nigeria,27.3,35.2346001,36.0994606,36.9636459,37.8264694,38.687252,39.5453186,40.3999825,41.2505684,44.9,43.12146,43.8806725,44.6323013,52.2000008,46.1222,46.8651695,47.6100159,50.1309204,50.2999992,49.8825073,48,55.9000015,53.2312431,55.5999985,54.0482292,52.5,59.2999992,54.4000015,56.5,55.4000015,55.4000015,55.4000015
Nicaragua,,,,72.064174,69.25383,69.8499069,70.4432602,71.0332108,69.047103,72.2001266,72.7815704,72.2215805,73.8582916,74.3876266,74.9140778,73.8218155,75.9677734,76.5000763,77.0396118,77.9163132,78.1512146,78.7286987,79.6391602,80.8234406,81.8530731,83.2493286,84.6401138,85.9898376,87.1166763,88.0583267,88.9073792,88.9073792
Netherlands,100,100,100,100,100,100,100,100,100,100,100,100,100,100,100,100,100,100,100,100,100,100,100,100,100,100,100,100,100,100,100,100
Norway,100,100,100,100,100,100,100,100,100,100,100,100,100,100,100,100,100,100,100,100,100,100,100,100,100,100,100,100,100,100,100,100
Nepal,,,,,,,17.9,18.1328678,21.7325325,25.3273544,29.0462666,24.6000004,35.8874092,39.2989502,37.2000008,46.1157303,51.2000008,52.9402351,56.3619804,59.7936668,68.5999985,67.2600021,74.9659729,77.4661942,84.9000015,82.5239563,90.6999969,87.896347,93.9199982,89.9000015,89.9000015,89.9000015
Nauru,98.9990845,99.0413055,99.0834198,99.124855,99.1649246,99.2029572,99.238266,99.2701797,99.2980118,99.3210068,99.437088,99.4156342,99.3865891,99.3523178,99.315155,99.2774506,99.2416306,99.8000031,99.1862488,99.1721115,99.1706314,99,99.2164459,99.2682114,99.3377914,99,99.712883,99.8700409,99.9282227,100,100,100
New Zealand,100,100,100,100,100,100,100,100,100,100,100,100,100,100,100,100,100,100,100,100,100,100,100,100,100,100,100,100,100,100,100,100
OECD members,99.5468002,99.6445345,99.1309867,99.3270798,99.3161421,99.3163263,99.3939211,99.4256723,99.4230586,99.4759874,99.6441344,99.6714852,99.6166367,99.5999922,99.6907867,99.7681419,99.7677306,99.6527333,99.7646928,99.6919649,99.8123219,99.7908273,99.8153662,99.8388691,99.8454747,99.8396329,99.8959863,99.9406548,99.8986651,99.9532192,99.9444543,99.9444543
Oman,100,100,100,100,100,100,100,100,100,100,100,100,100,100,100,100,100,100,100,100,100,100,100,100,100,100,100,100,100,100,100,100
Other small states,,,,,,,,,,,56.5776448,57.1304322,54.3590253,55.6225989,57.3396775,58.525092,60.3942693,61.9386254,63.1478601,63.5794653,65.5792415,67.4475483,68.5521692,69.5735548,70.8252933,72.3451632,73.6388351,74.6934662,76.8490017,77.6497006,78.5972256,78.5972256
Pakistan,,,,,,,,,70.46,70.2653503,70.3106003,70.3615341,70.4048767,70.4429932,70.4782181,70.5129013,70.549469,70.5905457,70.6388626,70.697113,70.7680206,70.8542786,70.9586105,71.0827713,71.2247391,71.381546,71.5502243,70.7900009,72.7831039,74.1276932,75.3796921,75.3796921
Panama,70.19,73.4431305,74.2556381,75.0674591,75.8779221,76.6863403,77.4920425,78.2943497,79.0925751,79.8859558,81.401413,81.4562531,82.2009201,87.8000031,83.6769028,84.4129105,85.150795,85.8931961,86.6428375,87.4024124,86.8499985,88.9622192,89.767868,89.0999985,91.4366379,92.2947693,93.164772,93.6999969,94.9285202,95.81633,96.7046356,96.7046356
Peru,,,70.1,64.7489929,66.0529327,67.3548355,67,69.16024,72.072063,74.078523,72.4964981,72.1131134,74.3826904,74.3809662,75.6923599,77.173645,80.1572723,81.9881287,84.6783447,86.4243164,88.1230621,89.707489,91.0995102,92.1353683,92.9199905,93.8521805,94.1999969,94.8000031,95.1999969,95.5513611,99.3118134,99.3118134
Philippines,,,,65.4,68.0185547,69.1331177,70.244957,71.3533936,71.3,71.8741709,74.6616898,75.7229462,76.776619,76.5999985,87.5999985,79.9156189,80.1800003,82.0139084,83.3000031,84.3000031,85.397644,87.1999969,87.0800018,87.5,89.7203674,89.0800018,92.0665054,93,94.4482651,95.6450806,96.8423843,96.8423843
Palau,96.625351,96.7627029,96.8999329,97.0364914,97.1716843,97.3048401,97.4352722,97.5623093,97.6852646,97.8033752,98.1689987,98.2285538,98.2805176,98.3272476,98.3710938,98.9165039,98.4595871,98.5092926,98.5662231,98.6330948,98.712616,98.8075027,97.6304245,99.0532303,99.8103027,99.3692398,100,100,100,100,100,100
Papua New Guinea,,,,,,,11,2.15848255,4.29508972,6.42685509,7.57701397,9.88218403,12.1797695,14.4721203,16.7615833,19.0505123,12.3999996,23.6366329,25.9391861,17.2000008,19.5,32.9173203,35.2758865,37.6542854,40.0504913,42.8782196,49.4000015,54.4000015,55.7273865,59.6629753,60.4000015,60.4000015
Poland,100,100,100,100,100,100,100,100,100,100,100,100,100,100,100,100,100,100,100,100,100,100,100,100,100,100,100,100,100,100,100,100
Pre-demographic dividend,,,,,,,,22.9176844,23.6146107,24.85131,24.7641995,26.0134326,26.8650351,29.3274798,28.8938728,29.6247572,30.4946431,32.2008274,32.1036342,32.06731,32.6852445,36.0541531,37.5054186,38.2801147,39.7785106,39.940716,44.5343572,44.2631929,47.1111543,47.4773497,48.385747,48.385747
Puerto Rico,99.983429,99.9930954,99.9986191,100,100,100,100,100,100,100,100,100,100,100,100,100,100,100,100,100,100,100,100,100,100,100,100,100,100,100,100,100
"Korea, Dem. People's Rep.",,,,,,,,,,,,,,,,,,,,26,29.2511826,31.4920025,33.7508888,36.0296059,38.3261299,40.6374969,42.9607353,45.2928772,47.6309547,49.9720001,52.3135452,52.3135452
Portugal,100,100,100,100,100,100,100,100,100,100,100,100,100,100,100,100,100,100,100,100,100,100,100,100,100,100,100,100,100,100,100,100
Paraguay,,,,,,77.469114,86.2600555,86.412854,87.7623672,88.518177,89.4211426,91.0420685,91.6664429,92.5583954,93.2498779,94.6868896,96.7490463,96.452774,96.6778946,96.8913345,97.4308624,98.236557,97.8356171,99.0158844,99.0007172,99.3315353,98.4000015,99.3000031,99.5999985,99.6999969,100,100
West Bank and Gaza,,,,,,,,97.9,98.539299,98.6231537,99.6999969,99.0999985,99.2368546,99.0999985,99.5,99.5999985,99.6999969,98.8000031,99.8000031,99.9000015,99.9000015,99.6999969,99.8000031,99.9000015,99.9000015,99.9000015,100,99.6999969,100,100,100,100
Pacific island small states,,,,,,,,,,57.0452378,54.9267553,56.3876656,58.3648248,59.4325531,60.6799258,62.3820237,61.7928702,63.7323456,67.0130687,65.1408263,70.1784032,71.6579774,73.1444644,72.7130626,76.9696578,79.5551049,81.4795926,82.4610267,84.7662447,86.1230862,87.6988717,87.6988717
Post-demographic dividend,99.9943911,99.9957477,99.9970923,99.998339,99.9992621,99.9997668,99.9997754,99.999784,99.9997928,99.9998019,99.9671914,99.9563978,99.9451282,99.9621493,99.9637449,99.9597325,99.9647516,99.9588839,99.9705773,99.9722869,99.9742275,99.9749107,99.9730282,99.9793777,99.9836479,99.9854276,99.9892427,99.9921607,99.9951142,99.9979671,99.9981384,99.9981384
French Polynesia,100,100,100,100,100,100,100,100,100,100,100,100,100,100,100,100,100,100,100,100,100,100,100,100,100,100,100,100,100,100,100,100
Qatar,100,100,100,100,100,100,100,100,100,100,100,100,100,100,100,100,100,100,100,100,100,100,100,100,100,100,100,100,100,100,100,100
Romania,100,100,100,100,100,100,100,100,100,100,100,100,100,100,100,100,100,100,100,100,100,100,100,100,100,100,99.0999985,100,100,100,100,100
Russian Federation,100,100,100,100,100,100,100,100,100,100,100,100,100,100,100,100,100,100,100,100,100,100,100,100,100,95.5,100,100,100,100,100,100
Rwanda,,,2.3,,,,,1.02783597,2.17412758,3.31557703,6.19999981,4.57231617,5.93285799,7.28816462,8.64058495,4.80000019,11.3462257,12.7045031,6,15.4454613,9.69999981,10.8000002,17.5,15.1999998,19.7999992,22.7999992,29.3700008,34.0999985,36.9681511,40.3686066,46.5999985,46.5999985
South Asia,,,,46.7350709,46.3227012,47.8087284,48.9012043,50.4325625,54.3570989,57.7202797,56.3756302,54.3596419,59.9818838,61.580924,61.9046161,64.8775656,65.9107838,68.0647321,70.3505199,72.3651884,73.1883998,67.0986534,77.4403569,78.6628979,80.6929566,84.5427706,86.2270743,89.331343,92.6563447,93.9973891,95.7438705,95.7438705
Saudi Arabia,100,100,100,100,100,100,100,100,100,100,100,100,100,100,100,100,100,100,100,100,100,100,100,100,100,100,99.9000015,99.9300003,100,100,100,100
Sudan,32.8,26.9192944,27.4086132,27.897253,28.3845348,28.8697834,29.3523159,29.8314571,30.3065281,30.7767563,23,29.2552261,29.5256023,29.7905674,30.052393,30.3133469,30.5757923,30.8424416,19.9699993,29,38.0397758,39.8208046,41.5919952,43.3435173,44.9000015,46.9031067,48.8494034,50.7547188,52.4470024,53.9625397,55.3897018,55.3897018
Senegal,,,,26,27.1904869,28.8571911,30.5211773,32.2,33.8382683,36.2,37.7400017,38.757618,36.7999992,41.9641342,36.7999992,47.0999985,49.9000015,48.3618088,49.9726524,53.5,56.5,56.5,56.5,57,61,60.5,64.5,61.7000008,66,70.4000015,70.3689423,70.3689423
Singapore,100,100,100,100,100,100,100,100,100,100,100,100,100,100,100,100,100,100,100,100,100,100,100,100,100,100,100,100,100,100,100,100
Solomon Islands,,,,,,,,,,15.7,4.51702929,7.47523642,10.4258585,13.3712463,16.3137474,19.2557106,14.3999996,12.8999996,28.1034966,21.2000008,34.774807,38.6799927,42.5742111,44.7000008,50.3067589,55.0999985,58.3271942,62.9000015,66.1797638,69.8094177,73.3464813,73.3464813
Sierra Leone,,,,,,,,,,,7.78814268,8.55077076,9.30581474,10.0556231,16.7999992,11.3324852,12.2971878,13.0499678,12.1000004,14.5799274,11.4621735,14.1999998,16.976511,13.5,18.6660309,19.5345364,20.2999992,23.3999996,26.1000004,22.7000008,26.2008858,26.2008858
El Salvador,,69.60788,75.3321915,76.2761383,77.2187195,76.995504,77.883,80.031517,81.637983,79.129592,84.519249,87.0638275,87.549057,86.9611511,87.357048,87.5258408,89.2014694,91.1095581,91.0002289,91.0840225,91.5802383,92.5746841,93.6805725,95.0431061,95.1254196,95.4000015,96,96.8000031,97,97.3600006,100,100
San Marino,100,100,100,100,100,100,100,100,100,100,100,100,100,100,100,100,100,100,100,100,100,100,100,100,100,100,100,100,100,100,100,100
Somalia,,,,,,,,,,,1.89250124,4.50461578,7.4000001,9.70844078,12.3048496,14.9007215,15.2337856,20.1007328,22.7102299,25.3296661,52.1633453,51.9681129,51.7619171,51.5337906,51.2936363,51.134861,51.1132355,52.0999985,50.7649765,49.2000008,49.7308693,49.7308693
Serbia,100,100,100,100,100,100,100,100,100,100,100,100,100,100,100,99.6907196,100,100,100,100,99.718399,100,100,99.9199982,99.6607971,99.9000015,100,100,100,99.8000031,100,100
Sub-Saharan Africa (excluding high income),,,,,,,28.3765363,28.2573876,28.470367,30.0365994,25.6306946,26.1042055,27.3014214,29.5374,29.3666666,29.2932278,30.8045993,32.4225531,32.3150772,32.4852307,33.2749842,35.8112041,36.7263982,37.8558821,38.2084347,39.0085646,43.670007,43.6301392,46.2627294,46.9802565,48.2260227,48.2260227
South Sudan,,,,,,,,,,,,,,,,,0.64313179,1.03156233,1.4272238,3,1.5,2.68468475,3.13636112,3.60786819,4.0971837,4.60133982,5.11736774,4.19999981,6.17316961,6.70700693,7.24133825,7.24133825
Sub-Saharan Africa,,,,,,,28.3885498,28.268344,28.4811992,30.0470015,25.6390976,26.1123789,27.3096742,29.5449618,29.3740542,29.3004945,30.811952,32.4292482,32.3217813,32.4917936,33.2814864,35.8172319,36.7322575,37.8615463,38.2141863,39.0142132,43.675154,43.6352174,46.2674893,46.9848716,48.2304505,48.2304505
Small states,,,,,,,,,,,63.3898374,64.4221007,62.1781621,63.1195951,64.4819073,65.4690049,66.7914579,68.1424075,69.3755215,69.3510207,71.3254867,72.7539514,73.8071475,74.5736859,75.6991273,77.0940377,78.3119299,79.2268884,81.044159,81.7986491,82.6953608,82.6953608
Sao Tome and Principe,,,,,,,,,,,52.9000015,51.4911728,52.5872421,53.6780777,54.7660217,55.8534355,56.9427185,58.0365219,59.137558,56.9000015,61.3721581,62.5111427,57.9000015,64.8450775,68.5999985,67.2492981,69.3205185,74.2699966,71,74.9672012,76.5590897,76.5590897
Suriname,,,,,,,,,,99.62406,95.4943771,95.3973846,95.2928162,95.1830063,95.0703125,94.957077,91.0198364,94.738884,94.6392746,94.549614,91.1975174,94.4109344,94.3673401,94.3435822,94.3376312,94.8952332,95.8163147,96.6963348,97.4000015,97.8254166,98.2047729,98.2047729
Slovak Republic,100,100,100,100,100,100,100,100,100,100,100,100,100,100,100,100,100,100,100,100,100,100,100,100,100,100,100,100,100,100,100,100
Slovenia,100,100,100,100,100,100,100,100,100,100,100,100,100,100,100,100,100,100,100,100,100,100,100,100,100,100,100,100,100,100,100,100
Sweden,100,100,100,100,100,100,100,100,100,100,100,100,100,100,100,100,100,100,100,100,100,100,100,100,100,100,100,100,100,100,100,100
Eswatini,,,,,,,,,,,20.1957626,26.8999996,25.80867,28.6060963,31.4006367,34.1946411,35.2000008,39.7909126,42.5985413,38.5999985,45.5523376,51.1480064,54.3662262,57.5625153,65,64.012413,63.4300003,73.5,73.9157791,76.8694382,79.7304993,79.7304993
Sint Maarten (Dutch part),100,100,100,100,100,100,100,100,100,100,100,100,100,100,100,100,100,99.997406,99.9841156,99.9549026,100,100,100,100,100,100,100,100,100,100,100,100
Seychelles,,,,,90,92.1736526,92.5524902,92,93.2992935,93.6658096,94.0893402,94.4017639,96.0999985,95.0061951,95.3029099,95.5990906,99,96.1997147,96.5095215,96.8292618,97,98.1479645,98.3913651,98,100,100,100,100,100,100,100,100
Syrian Arab Republic,,,,,,,,,,,93.4835892,93.2186508,86.5999985,92.6683578,92.3877106,92.1065292,99.5057602,91.5524216,91.2848663,91.0272446,92.6999969,91.5147247,90.79319,90.1493988,89.9754944,89.8164291,89.6692352,89.5309448,86,89.2692108,89.1403198,89.1403198
Turks and Caicos Islands,88.7,91.0539093,91.4391174,91.8236465,92.2068176,92.587944,92.9663467,93.341362,93.7122879,94.0783768,95.5999985,94.8703613,95.1637192,95.4518433,95.7370758,96.0217743,96.3083496,96.5994415,96.8977661,100,100,100,93.0999985,100,100,100,100,100,100,100,99.4000015,99.4000015
Chad,,,,,,,,2.3,2.42038727,2.80621338,3.17988133,3.52711439,3.86676288,4.20117617,3.5,4.86369371,5.19655657,5.53394079,5.87855625,6.23311138,6.4000001,8.97999954,7.83540583,8.1265583,8.40568542,7.69999981,9.26384735,10.8999996,10.1140404,8.39999962,11.0801172,11.0801172
East Asia & Pacific (IDA & IBRD countries),,,,,,,,,,,91.3557649,91.9115118,92.4431835,92.6611603,93.5762738,93.1615646,94.2837308,94.3614924,94.8406361,95.5109078,95.8931974,96.535567,96.793315,96.9946717,97.1102498,97.4914291,97.5762943,98.2721628,98.2662035,98.4426476,98.3655497,98.3655497
Europe & Central Asia (IDA & IBRD countries),100,100,100,100,100,99.9950934,99.9365285,99.9231041,99.9273778,99.7197291,99.899303,99.9055342,99.9213532,99.9433252,99.9163357,99.8973451,99.891003,99.9016364,99.9192773,99.9261776,99.9479561,99.9349464,99.9618305,99.9540622,99.9654834,98.5114376,99.939261,99.9828553,99.9836435,99.9864607,99.9906327,99.9906327
Togo,,,,,,,,,15.3,16.073,16.956234,19.6003666,21.3528614,23.1001186,24.844492,26.5883274,27.8999996,30.0842667,31.8417263,33.609127,30.7917442,39.7000008,38.9980621,40.8313675,45.7000008,44.6475906,46.7650108,48,50,52.3631096,53.9974327,53.9974327
Thailand,,,,,,,,,,,82.0999985,90.4513779,91.0802231,91.7038269,92.3245468,92.9447327,99.1462021,94.193367,94.8271713,98.9599991,99.6999969,99.3518372,99.1086273,99.4405746,99.4619446,99.5999985,99.8499603,99.9000015,99.8199997,99.9000015,100,100
Tajikistan,,,,,,,,,,97,98.4677429,98.6331024,99,100,98.6270905,99.3000031,98.616539,98.6167221,98.6241379,99,98.6715012,98.7168579,99.0999985,98.8635483,98.9646225,98,99.208313,99.3000031,99.3000031,99.6332092,99.7792969,99.7792969
Turkmenistan,,,,,,,,,,,99.5999985,99.7351837,99.7191925,99.6979675,99.673851,99.6492004,99.8413315,99.6081619,99.5971375,99.5960541,100,99.8774109,99.8958359,99.9120941,99.9351044,100,99.9898987,99.9962463,100,99.9000015,100,100
Latin America & the Caribbean (IDA & IBRD countries),,,88.5862124,89.1994843,90.1151076,88.4836599,89.4523981,89.9156602,90.543871,91.1616372,91.531804,92.1851744,92.5157278,92.591431,93.0926833,93.4276695,94.1624708,94.3957647,95.1486853,95.2998628,95.7848808,96.1214952,96.5095859,96.7911769,96.9829231,97.2376916,97.4408411,97.6892302,97.7557879,98.0477008,98.4795184,98.4795184
Timor-Leste,,,,,,,,,,,17.5928116,25.6000004,23.9636135,27.7000008,30.3134727,33.4864235,36.6612434,36.5999985,43.0271645,46.2236786,38,52.6573677,55.8999557,59.1623764,62.4426079,67.2815323,76.5,79.7789612,85.3814011,90.7986526,96.1233139,96.1233139
Middle East & North Africa (IDA & IBRD countries),,,,,,,,,,,91.3726819,91.6184214,91.5246337,92.4695923,92.3636331,93.0941036,95.2253313,93.2527867,93.8834825,93.9713885,94.9124381,94.9651408,94.446464,96.4898865,95.3074708,95.8221472,96.1862989,97.209022,95.463824,96.6066588,96.742971,96.742971
Tonga,,,,,80,81.788475,82.5543671,83.3168564,84.0752716,84.8288422,85.5786285,86.2936249,87.0010376,87.7032166,88.4025116,89.101265,92.3000031,90.5070419,91.219429,91.9417496,92.6767197,92.1754532,92.8000031,94.9836655,95.7897034,100,97.0199966,98.3615723,99.1325684,98.4000015,100,100
South Asia (IDA & IBRD),,,,46.7350709,46.3227012,47.8087284,48.9012043,50.4325625,54.3570989,57.7202797,56.3756302,54.3596419,59.9818838,61.580924,61.9046161,64.8775656,65.9107838,68.0647321,70.3505199,72.3651884,73.1883998,67.0986534,77.4403569,78.6628979,80.6929566,84.5427706,86.2270743,89.331343,92.6563447,93.9973891,95.7438705,95.7438705
Sub-Saharan Africa (IDA & IBRD countries),,,,,,,28.3885498,28.268344,28.4811992,30.0470015,25.6390976,26.1123789,27.3096742,29.5449618,29.3740542,29.3004945,30.811952,32.4292482,32.3217813,32.4917936,33.2814864,35.8172319,36.7322575,37.8615463,38.2141863,39.0142132,43.675154,43.6352174,46.2674893,46.9848716,48.2304505,48.2304505
Trinidad and Tobago,,,,,,,,,,,91.2900009,96.9320221,97.1231461,97.309021,97.4920197,97.6744766,100,100,100,99,100,100,100,100,100,100,100,100,100,100,100,100
Tunisia,,,,,86.8,88.7,90.4,92,93.2,94.2,94.8000031,97.3000031,97.8000031,98.4000015,99,99.3000031,99.4000015,99.4000015,99.4000015,99.5,99.5,99.5,99.5,99.6999969,99.8000031,99.9000015,100,100,99.8000031,100,100,100
Turkiye,,,,,,,,,,,100,100,100,100,99.9979935,99.98703,99.9607239,99.923172,99.8808594,99.8508759,100,100,100,100,100,100,100,100,100,100,100,100
Tuvalu,,,,,,,,,,,94.6306763,94.8358231,94.6297836,95.2257156,95.4151611,95.6040726,95.7948456,96.6999969,96.1926804,96.4051514,96.6302719,96.8707504,97.6717758,97.4076767,97.7038574,98.0148849,97.3000031,98.8538361,99.0653839,99.6999969,99.6892319,99.6892319
Tanzania,,,6.8,2.3301878,3.30064726,4.26906729,9.4,6.19706821,7.15528965,8,8.91672611,9.86100864,10.7977066,11.1000004,11.3999996,13.5857859,14.5156984,15.4501324,11.5,11.1999998,14.8000002,14.1999998,15.3000002,16.3999996,23.5,26.1706371,32.7999992,32.2511749,35.0480232,37.659687,39.9000015,39.9000015
Uganda,,5.6,,,0.53389853,6.8,2.8111043,3.94494772,5.0747118,6.19963408,7.35113049,8.60000038,7.80000019,10.5635538,11.6254568,8.89999962,9,14.8178225,15.8928137,10,12.1000004,14.6000004,20.3192711,13.8999996,20.3999996,18.5,26.7000008,32.5211525,41.9199982,41.2999992,42.0744171,42.0744171
Ukraine,100,100,100,100,100,100,100,100,100,100,100,100,100,100,100,99.8855591,100,99.8000031,100,100,100,100,99.8674927,100,100,100,100,100,100,100,100,100
Upper middle income,,,,,,,,,,,95.5676853,96.060185,96.4453762,96.6665504,96.9232507,97.1775979,97.6050311,97.6632293,97.9663238,98.2537594,98.6822345,98.829466,99.0204177,99.0865219,99.1239664,98.8931798,99.1829198,99.2678058,99.2388184,99.3108477,99.3768382,99.3768382
Uruguay,,,96.182312,96.36306,96.54245,96.7197952,95.9,97.0656509,97.2328033,97.3951111,97.6768646,97.7853928,97.8863297,97.9820404,98.0748596,98.1671448,98.5054245,98.6926346,98.7843552,99.0999985,99.3000031,99.1699982,99.5999985,99.6118088,99.6570816,99.7094803,99.6999969,99.8000031,99.8000031,99.9000015,100,100
United States,100,100,100,100,100,100,100,100,100,100,100,100,100,100,100,100,100,100,100,100,100,100,100,100,100,100,100,100,100,100,100,100
Uzbekistan,,,,,,,99.6,99.3797455,99.4493484,99.5141144,99.5932693,99.6301041,99.6999969,99.6833649,99.7044983,99.7250824,99.490097,99.7745361,99.8087463,99.8529053,99.9128876,99.961441,99.9898224,99.9988708,100,100,100,100,100,100,100,100
St. Vincent and the Grenadines,,66.8,69.1144333,70.4648438,71.8138962,73.1609039,74.5052032,75.8460922,77.1829071,78.5148773,79.8817749,82.4100037,82.4681244,83.7522736,85.0335312,86.3142624,87.5968552,88.7900009,90.1783295,91.4826202,92.7995605,94.1318588,95.4822235,96.852417,98.2404251,99.6432724,99.8008423,99.9777069,100,100,100,100
"Venezuela, RB",,,97.820203,98.2395325,98.3233337,99,98.4841309,98.7,98.4,98.9,98.9000015,99.9000015,99.8000031,95.6999969,99.0999985,98.856163,99.3000031,98.888176,98.9136734,98.9491043,99.0549469,98.8399963,99.2080765,99.2572174,100,100,99.4000015,99.1999969,99.9112015,99.9768143,100,100
British Virgin Islands,94.6065598,94.8247375,95.0428009,95.2601929,95.4762192,95.6902008,95.901474,96.1093369,96.3131256,96.5120773,97.4126968,97.5228271,97.6253662,97.7226715,97.8170929,97.9109802,98.0067291,98.1070099,98.2145157,98.3319702,98.3000031,98.6572952,98.8501663,99.0211105,99.1800232,100,100,100,100,100,100,100
Virgin Islands (U.S.),100,100,100,100,100,100,100,100,100,100,100,100,100,100,100,100,100,100,100,100,100,100,100,100,100,100,100,100,100,100,100,100
Vietnam,,,,,,,,78.4,86.1759872,86.9944382,87.8284149,88.6074753,89.0999985,90.145195,90.9085464,96.0999985,96,93.2052689,93.9817123,96.0999985,97.4300003,99,97.8899994,98.5549622,99.1999969,99.8213043,99.1999969,100,100,99.4000015,100,100
Vanuatu,,,,,18,12.9416437,14.7923613,16.639679,18.4829178,19.1,22.1430798,23.9438801,25.7370987,27.5250797,29.3101749,31.0947342,26.4400005,33.6246185,36.4703026,33.2911148,44.0999985,41.9353294,43.7895279,31.7000008,49.0574455,52.205101,57.8199997,62.7999992,61.7545128,64.5901871,67.3332672,67.3332672
World,,,,,,,,,73.3502503,74.6578535,78.1798986,77.8317161,79.2821473,79.8711373,80.0792478,80.5710438,81.2793038,81.7717756,82.4012749,82.7698919,83.1374096,82.0744496,84.6351896,85.1398974,85.5476862,86.5258007,87.6062268,88.5040969,89.4789021,89.9263307,90.4355766,90.4355766
Samoa,,78.8,81.6401672,82.4245911,80,83.9886932,84.7669983,85.5419083,86.3127441,87.0787277,87.8578262,88.5846481,89.3038788,90.0178833,90.7289963,91.4395676,96.371727,92.868988,98.0999985,97.9000015,96.3610535,96.6685715,96.8269348,97.4165344,97.9000015,99.0670853,99.623291,96.8000031,99.9944763,99.1999969,100,100
Kosovo,100,100,100,100,100,100,100,100,100,100,,,,,,,,,,,99,,99.75,99.75,99.6800003,99.8600006,99.8000031,99.8000031,,100,,
"Yemen, Rep.",,,44.1,40.7747154,41.9851341,43.193512,44.3991699,42.6,46.7996101,47.9929466,49.1872559,50.3412399,51.4876366,52.6288033,49.5900002,54.9048195,55.8003349,57.1885681,58.3399315,59.5012398,60.6751938,61.8645058,52.4099998,75.5999985,66.0999985,67.3109283,68.8595047,79.1999969,62,72.7510757,73.7579269,73.7579269
South Africa,,,,,,,57.6,69.4833527,64.9,71.3317871,72.2824631,70.1999969,76.6999969,78.8000031,80.9000015,80.8000031,80.6999969,82,81.9000015,82.5999985,82.9000015,83.5999985,85.3000031,85.1999969,85.9000015,85.3000031,83.9000015,84.4000015,84.6999969,85,84.3855362,84.3855362
Zambia,13.9,12.7527027,19.2,14.2132072,14.9417591,15.668272,17.3,17.1124592,19,18.5402451,16.7000008,20.1723862,17.3999996,18.5,20.2999992,23.3213081,24.1072578,18.5,25.6954288,26.5030708,22,28.1590099,29.0127258,29.8862724,27.8999996,31.1000004,35.4254532,40.2999992,40.3178902,43,44.5244751,44.5244751
Zimbabwe,,,28.2,31.1636677,28.1,31.9485798,32.3372955,32.7226105,33.1038475,38.4,33.6548882,34.1728439,34.2000008,35.1883507,35.6906013,36.1923141,37.2000008,37.20401,37.7193451,43.3690834,38.7825508,36.9000015,44,40.4983749,32.2999992,33.7000008,42.5617294,44.1786346,45.5726471,46.7814751,52.7476692,52.7476692
